 HgtMOLA Denkgm3 DensP
433882 0.0 0.01466 1.012
433883 0.5 0.01394 1.025
433884 1.0 0.01327 1.029
433885 1.5 0.01274 1.016
433886 2.0 0.01223 1.017
433887 2.5 0.01171 1.01
433888 3.0 0.01122 0.997
433889 3.5 0.01073 0.992
433890 4.0 0.01027 0.996
433891 4.5 0.00982 1.002
433892 5.0 0.009393 0.998
433893 5.5 0.008985 1.004
433894 6.0 0.008594 1.009
433895 6.5 0.008223 1.007
433896 7.0 0.007868 1.013
433897 7.5 0.00753 1.009
433898 8.0 0.007206 1.02
433899 8.5 0.006897 1.018
433900 9.0 0.006602 1.021
433901 9.5 0.006318 1.015
433902 10.0 0.006047 1.017
433903 10.5 0.005785 1.011
433904 11.0 0.005535 1.012
433905 11.5 0.005295 1.01
433906 12.0 0.005067 1.014
433907 12.5 0.004848 1.002
433908 13.0 0.004639 1.012
433909 13.5 0.004439 1.015
433910 14.0 0.004248 1.005
433911 14.5 0.004065 1.007
433912 15.0 0.003891 1.012
433913 15.5 0.003712 1.024
433914 16.0 0.003541 1.022
433915 16.5 0.003379 1.006
433916 17.0 0.003224 1.001
433917 17.5 0.003076 0.987
433918 18.0 0.002935 0.998
433919 18.5 0.002801 0.987
433920 19.0 0.002672 0.991
433921 19.5 0.00255 1.004
433922 20.0 0.002434 0.996
433923 20.5 0.002313 0.99
433924 21.0 0.002198 0.998
433925 21.5 0.002089 1.002
433926 22.0 0.001985 0.992
433927 22.5 0.001887 0.986
433928 23.0 0.001793 0.969
433929 23.5 0.001704 0.993
433930 24.0 0.00162 1.0
433931 24.5 0.00154 0.995
433932 25.0 0.001464 0.972
433933 25.5 0.001386 0.954
433934 26.0 0.001313 0.954
433935 26.5 0.001244 0.948
433936 27.0 0.001178 0.952
433937 27.5 0.001116 0.98
433938 28.0 0.001057 0.984
433939 28.5 0.001001 0.976
433940 29.0 0.0009483 0.968
433941 29.5 0.0008984 0.986
433942 30.0 0.000851 0.986
433943 30.5 0.0008045 0.992
433944 31.0 0.0007606 0.989
433945 31.5 0.0007191 0.995
433946 32.0 0.0006798 1.022
433947 32.5 0.0006427 1.032
433948 33.0 0.0006077 1.031
433949 33.5 0.0005745 1.055
433950 34.0 0.0005432 1.062
433951 34.5 0.0005136 1.075
433952 35.0 0.0004856 1.062
433953 35.5 0.0004579 1.093
433954 36.0 0.0004319 1.119
433955 36.5 0.0004073 1.145
433956 37.0 0.0003842 1.141
433957 37.5 0.0003624 1.115
433958 38.0 0.0003419 1.094
433959 38.5 0.0003226 1.07
433960 39.0 0.0003043 1.083
433961 39.5 0.0002872 1.095
433962 40.0 0.000271 1.109
433963 40.5 0.000254 1.111
433964 41.0 0.0002381 1.096
433965 41.5 0.0002232 1.087
433966 42.0 0.0002093 1.089
433967 42.5 0.0001962 1.063
433968 43.0 0.000184 1.093
433969 43.5 0.0001725 1.078
433970 44.0 0.0001618 1.093
433971 44.5 0.0001517 1.106
433972 45.0 0.0001423 1.131
433973 45.5 0.0001322 1.13
433974 46.0 0.0001228 1.117
433975 46.5 0.0001141 1.1
433976 47.0 0.000106 1.072
433977 47.5 9.848e-05 1.06
433978 48.0 9.15e-05 1.064
433979 48.5 8.501e-05 1.037
433980 49.0 7.899e-05 1.058
433981 49.5 7.339e-05 1.035
433982 50.0 6.82e-05 1.009
433983 50.5 6.294e-05 0.951
433984 51.0 5.809e-05 0.955
433985 51.5 5.362e-05 0.935
433986 52.0 4.949e-05 0.917
433987 52.5 4.568e-05 0.922
433988 53.0 4.216e-05 0.884
433989 53.5 3.892e-05 0.914
433990 54.0 3.592e-05 0.946
433991 54.5 3.316e-05 0.922
433992 55.0 3.061e-05 0.91
433993 55.5 2.859e-05 0.913
433994 56.0 2.67e-05 0.9
433995 56.5 2.494e-05 0.889
433996 57.0 2.33e-05 0.884
433997 57.5 2.177e-05 0.89
433998 58.0 2.033e-05 0.902
433999 58.5 1.899e-05 0.896
434000 59.0 1.774e-05 0.865
434001 59.5 1.657e-05 0.858
434002 60.0 1.548e-05 0.857
434003 60.5 1.454e-05 0.809
434004 61.0 1.366e-05 0.837
434005 61.5 1.283e-05 0.903
434006 62.0 1.205e-05 0.945
434007 62.5 1.132e-05 0.9
434008 63.0 1.064e-05 0.925
434009 63.5 9.99e-06 0.886
434010 64.0 9.385e-06 0.912
434011 64.5 8.816e-06 0.898
434012 65.0 8.297e-06 0.933
434013 65.5 7.774e-06 0.933
434014 66.0 7.285e-06 0.909
434015 66.5 6.827e-06 0.977
434016 67.0 6.398e-06 0.998
434017 67.5 5.996e-06 1.066
434018 68.0 5.619e-06 1.095
434019 68.5 5.267e-06 1.121
434020 69.0 4.936e-06 1.13
434021 69.5 4.627e-06 1.083
434022 70.0 4.352e-06 1.114
434023 70.5 4.07e-06 1.148
434024 71.0 3.806e-06 1.051
434025 71.5 3.559e-06 1.04
434026 72.0 3.328e-06 1.038
434027 72.5 3.112e-06 1.016
434028 73.0 2.911e-06 0.969
434029 73.5 2.722e-06 0.975
434030 74.0 2.546e-06 1.038
434031 74.5 2.381e-06 1.034
434032 75.0 2.226e-06 1.054
434033 75.5 2.07e-06 1.013
434034 76.0 1.925e-06 1.023
434035 76.5 1.791e-06 1.079
434036 77.0 1.666e-06 1.096
434037 77.5 1.551e-06 1.045
434038 78.0 1.444e-06 1.009
434039 78.5 1.345e-06 0.954
434040 79.0 1.253e-06 0.903
434041 79.5 1.168e-06 1.011
434042 80.0 1.089e-06 0.992
434043 80.5 1.017e-06 0.975
434044 81.0 9.512e-07 0.986
434045 81.5 8.895e-07 1.006
434046 82.0 8.319e-07 1.018
434047 82.5 7.78e-07 1.244
434048 83.0 7.276e-07 1.153
434049 83.5 6.805e-07 1.104
434050 84.0 6.364e-07 1.102
434051 84.5 5.953e-07 1.151
434052 85.0 5.568e-07 1.22
434053 85.5 5.2e-07 1.226
434054 86.0 4.85e-07 1.247
434055 86.5 4.524e-07 1.126
434056 87.0 4.22e-07 1.16
434057 87.5 3.936e-07 1.255
434058 88.0 3.672e-07 1.246
434059 88.5 3.425e-07 1.294
434060 89.0 3.195e-07 1.325
434061 89.5 2.981e-07 1.254
434062 90.0 2.781e-07 1.301
434063 90.5 2.589e-07 1.149
434064 91.0 2.407e-07 1.208
434065 91.5 2.237e-07 1.156
434066 92.0 2.08e-07 1.133
434067 92.5 1.933e-07 1.219
434068 93.0 1.797e-07 1.157
434069 93.5 1.67e-07 1.25
434070 94.0 1.553e-07 1.195
434071 94.5 1.444e-07 1.316
434072 95.0 1.342e-07 1.345
434073 95.5 1.246e-07 1.203
434074 96.0 1.155e-07 1.168
434075 96.5 1.071e-07 1.164
434076 97.0 9.93e-08 1.406
434077 97.5 9.207e-08 1.399
434078 98.0 8.538e-08 1.436
434079 98.5 7.917e-08 1.293
434080 99.0 7.341e-08 1.357
434081 99.5 6.808e-08 1.38
434082 100.0 6.314e-08 1.424
434083 100.5 5.852e-08 1.452
434084 101.0 5.421e-08 1.392
434085 101.5 5.022e-08 1.434
434086 102.0 4.652e-08 1.398
434087 102.5 4.31e-08 1.255
434088 103.0 3.992e-08 1.316
434089 103.5 3.698e-08 1.05
434090 104.0 3.426e-08 0.991
434091 104.5 3.174e-08 0.973
434092 105.0 2.94e-08 0.959
434093 105.5 2.719e-08 0.966
434094 106.0 2.511e-08 0.929
434095 106.5 2.318e-08 1.07
434096 107.0 2.141e-08 1.157
434097 107.5 1.977e-08 1.149
434098 108.0 1.825e-08 1.162
434099 108.5 1.686e-08 1.111
434100 109.0 1.557e-08 1.123
434101 109.5 1.438e-08 1.329
434102 110.0 1.328e-08 1.319
434103 110.5 1.226e-08 1.131
434104 111.0 1.131e-08 0.978
434105 111.5 1.043e-08 1.018
434106 112.0 9.628e-09 1.049
434107 112.5 8.885e-09 0.99
434108 113.0 8.199e-09 0.939
434109 113.5 7.566e-09 1.048
434110 114.0 6.983e-09 1.022
434111 114.5 6.444e-09 0.927
434112 115.0 5.947e-09 1.101
434113 115.5 5.508e-09 1.139
434114 116.0 5.115e-09 1.192
434115 116.5 4.751e-09 1.169
434116 117.0 4.413e-09 1.093
434117 117.5 4.1e-09 1.03
434118 118.0 3.809e-09 0.883
434119 118.5 3.538e-09 0.763
434120 119.0 3.288e-09 0.75
434121 119.5 3.055e-09 0.894
434122 120.0 2.839e-09 0.77
434123 120.5 2.642e-09 0.755
434124 121.0 2.462e-09 0.901
434125 121.5 2.294e-09 0.993
434126 122.0 2.138e-09 1.262
434127 122.5 1.992e-09 1.199
434128 123.0 1.857e-09 1.312
434129 123.5 1.731e-09 1.257
434130 124.0 1.613e-09 1.321
434131 124.5 1.504e-09 1.428
434132 125.0 1.402e-09 1.52
434133 125.5 1.31e-09 1.217
434134 126.0 1.227e-09 1.307
434135 126.5 1.15e-09 1.016
434136 127.0 1.077e-09 1.01
434137 127.5 1.009e-09 1.088
434138 128.0 9.451e-10 0.967
434139 128.5 8.854e-10 1.212
434140 129.0 8.295e-10 1.053
434141 129.5 7.772e-10 1.03
434142 130.0 7.281e-10 1.222
434143 130.5 6.839e-10 1.051
434144 131.0 6.437e-10 1.141
434145 131.5 6.059e-10 1.158
434146 132.0 5.703e-10 1.305
434147 132.5 5.368e-10 1.28
434148 133.0 5.053e-10 1.259
434149 133.5 4.757e-10 1.1
434150 134.0 4.478e-10 1.117
434151 134.5 4.215e-10 0.967
434152 135.0 3.968e-10 0.941
434153 135.5 3.739e-10 0.931
434154 136.0 3.527e-10 0.982
434155 136.5 3.327e-10 1.055
434156 137.0 3.139e-10 0.977
434157 137.5 2.961e-10 0.929
434158 138.0 2.793e-10 0.828
434159 138.5 2.635e-10 0.944
434160 139.0 2.485e-10 0.892
434161 139.5 2.344e-10 1.228
434162 140.0 2.212e-10 0.931
434163 140.5 2.089e-10 0.997
434164 141.0 1.976e-10 0.952
434165 141.5 1.869e-10 0.81
434166 142.0 1.768e-10 0.893
434167 142.5 1.672e-10 0.908
434168 143.0 1.582e-10 0.939
434169 143.5 1.496e-10 0.895
434170 144.0 1.415e-10 1.081
434171 144.5 1.339e-10 0.971
434172 145.0 1.266e-10 0.983
434173 145.5 1.199e-10 1.365
434174 146.0 1.137e-10 1.417
434175 146.5 1.078e-10 1.563
434176 147.0 1.022e-10 1.575
434177 147.5 9.686e-11 1.967
434178 148.0 9.182e-11 1.748
434179 148.5 8.705e-11 1.748
434180 149.0 8.252e-11 1.382
434181 149.5 7.823e-11 1.251
434182 150.0 7.416e-11 1.328
434183 150.5 7.037e-11 0.96
434184 151.0 6.681e-11 1.052
434185 151.5 6.344e-11 1.108
434186 152.0 6.023e-11 1.174
434187 152.5 5.719e-11 0.972
434188 153.0 5.43e-11 0.903
434189 153.5 5.156e-11 0.822
434190 154.0 4.896e-11 0.844
434191 154.5 4.649e-11 0.802
434192 155.0 4.414e-11 0.844
434193 155.5 4.194e-11 0.986
434194 156.0 3.987e-11 0.993
434195 156.5 3.79e-11 0.909
434196 157.0 3.603e-11 0.777
434197 157.5 3.425e-11 0.657
434198 158.0 3.256e-11 0.784
434199 158.5 3.095e-11 0.97
434200 159.0 2.942e-11 1.138
434201 159.5 2.797e-11 1.174
434202 160.0 2.659e-11 1.265
434203 160.5 2.531e-11 1.171
434204 161.0 2.41e-11 1.094
434205 161.5 2.295e-11 1.316
434206 162.0 2.185e-11 1.62
434207 162.5 2.081e-11 1.786
434208 163.0 1.982e-11 1.748
434209 163.5 1.887e-11 1.708
434210 164.0 1.797e-11 1.795
434211 164.5 1.712e-11 1.53
434212 165.0 1.63e-11 1.265
434213 165.5 1.554e-11 1.164
434214 166.0 1.482e-11 1.09
434215 166.5 1.414e-11 0.922
434216 167.0 1.348e-11 0.855
434217 167.5 1.286e-11 0.851
434218 168.0 1.227e-11 0.704
434219 168.5 1.17e-11 0.889
434220 169.0 1.116e-11 0.901
434221 169.5 1.065e-11 0.804
434222 170.0 1.016e-11 0.763
434223 170.5 9.699e-12 0.638
434224 171.0 9.269e-12 0.584
434225 171.5 8.858e-12 0.625
434226 172.0 8.466e-12 0.682
434227 172.5 8.092e-12 0.576
434228 173.0 7.734e-12 0.551
434229 173.5 7.393e-12 0.536
434230 174.0 7.067e-12 0.676
434231 174.5 6.755e-12 0.701
434232 175.0 6.457e-12 0.819
434233 175.5 6.178e-12 1.09
434234 176.0 5.915e-12 1.075
434235 176.5 5.663e-12 1.122
434236 177.0 5.422e-12 1.062
434237 177.5 5.191e-12 1.048
434238 178.0 4.97e-12 1.077
434239 178.5 4.759e-12 1.085
434240 179.0 4.557e-12 1.049
434241 179.5 4.364e-12 0.849
434242 180.0 4.179e-12 0.789
434243 180.5 4.008e-12 0.805
434244 181.0 3.85e-12 0.865
434245 181.5 3.697e-12 0.858
434246 182.0 3.551e-12 0.762
434247 182.5 3.41e-12 0.801
434248 183.0 3.276e-12 0.795
434249 183.5 3.146e-12 0.824
434250 184.0 3.022e-12 0.824
434251 184.5 2.903e-12 0.927
434252 185.0 2.788e-12 1.036
434253 185.5 2.678e-12 1.113
434254 186.0 2.574e-12 0.987
434255 186.5 2.473e-12 0.96
434256 187.0 2.377e-12 1.037
434257 187.5 2.284e-12 0.964
434258 188.0 2.195e-12 1.0
434259 188.5 2.109e-12 0.954
434260 189.0 2.027e-12 0.845
434261 189.5 1.948e-12 0.942
434262 190.0 1.873e-12 1.052
434263 190.5 1.801e-12 1.115
434264 191.0 1.734e-12 1.252
434265 191.5 1.669e-12 1.014
434266 192.0 1.606e-12 0.972
434267 192.5 1.546e-12 0.878
434268 193.0 1.488e-12 0.981
434269 193.5 1.433e-12 0.761
434270 194.0 1.379e-12 0.867
434271 194.5 1.328e-12 0.874
434272 195.0 1.278e-12 0.857
434273 195.5 1.232e-12 0.767
434274 196.0 1.188e-12 0.872
434275 196.5 1.146e-12 0.88
434276 197.0 1.105e-12 0.803
434277 197.5 1.066e-12 0.762
434278 198.0 1.028e-12 0.588
434279 198.5 9.921e-13 0.643
434280 199.0 9.57e-13 0.665
434281 199.5 9.232e-13 0.654
434282 200.0 8.906e-13 0.673
