 HgtMOLA Denkgm3 DensP
487616 0.0 0.01466 1.003
487617 0.5 0.01394 1.012
487618 1.0 0.01327 0.996
487619 1.5 0.01274 0.988
487620 2.0 0.01223 0.993
487621 2.5 0.01171 0.992
487622 3.0 0.01122 1.001
487623 3.5 0.01073 1.003
487624 4.0 0.01027 1.009
487625 4.5 0.00982 1.007
487626 5.0 0.009393 1.009
487627 5.5 0.008985 1.006
487628 6.0 0.008594 0.999
487629 6.5 0.008223 1.0
487630 7.0 0.007868 0.997
487631 7.5 0.00753 0.994
487632 8.0 0.007206 1.001
487633 8.5 0.006897 1.001
487634 9.0 0.006602 0.997
487635 9.5 0.006318 1.005
487636 10.0 0.006047 1.013
487637 10.5 0.005785 1.008
487638 11.0 0.005535 1.003
487639 11.5 0.005295 0.998
487640 12.0 0.005067 0.996
487641 12.5 0.004848 0.993
487642 13.0 0.004639 0.989
487643 13.5 0.004439 0.978
487644 14.0 0.004248 0.988
487645 14.5 0.004065 0.997
487646 15.0 0.003891 1.0
487647 15.5 0.003712 0.985
487648 16.0 0.003541 0.988
487649 16.5 0.003379 0.975
487650 17.0 0.003224 0.974
487651 17.5 0.003076 0.972
487652 18.0 0.002935 0.975
487653 18.5 0.002801 0.967
487654 19.0 0.002672 0.967
487655 19.5 0.00255 0.97
487656 20.0 0.002434 0.968
487657 20.5 0.002313 0.96
487658 21.0 0.002198 0.976
487659 21.5 0.002089 0.971
487660 22.0 0.001985 0.948
487661 22.5 0.001887 0.965
487662 23.0 0.001793 0.983
487663 23.5 0.001704 0.986
487664 24.0 0.00162 0.988
487665 24.5 0.00154 0.967
487666 25.0 0.001464 0.948
487667 25.5 0.001386 0.94
487668 26.0 0.001313 0.941
487669 26.5 0.001244 0.917
487670 27.0 0.001178 0.917
487671 27.5 0.001116 0.927
487672 28.0 0.001057 0.924
487673 28.5 0.001001 0.903
487674 29.0 0.0009483 0.905
487675 29.5 0.0008984 0.907
487676 30.0 0.000851 0.894
487677 30.5 0.0008045 0.877
487678 31.0 0.0007606 0.892
487679 31.5 0.0007191 0.907
487680 32.0 0.0006798 0.894
487681 32.5 0.0006427 0.876
487682 33.0 0.0006077 0.885
487683 33.5 0.0005745 0.912
487684 34.0 0.0005432 0.904
487685 34.5 0.0005136 0.892
487686 35.0 0.0004856 0.913
487687 35.5 0.0004579 0.929
487688 36.0 0.0004319 0.951
487689 36.5 0.0004073 0.974
487690 37.0 0.0003842 0.973
487691 37.5 0.0003624 1.014
487692 38.0 0.0003419 0.989
487693 38.5 0.0003226 0.986
487694 39.0 0.0003043 1.005
487695 39.5 0.0002872 1.003
487696 40.0 0.000271 0.997
487697 40.5 0.000254 0.956
487698 41.0 0.0002381 0.958
487699 41.5 0.0002232 0.971
487700 42.0 0.0002093 0.969
487701 42.5 0.0001962 0.955
487702 43.0 0.000184 1.003
487703 43.5 0.0001725 0.991
487704 44.0 0.0001618 0.992
487705 44.5 0.0001517 0.983
487706 45.0 0.0001423 0.962
487707 45.5 0.0001322 1.005
487708 46.0 0.0001228 0.977
487709 46.5 0.0001141 0.949
487710 47.0 0.000106 0.935
487711 47.5 9.848e-05 0.944
487712 48.0 9.15e-05 0.958
487713 48.5 8.501e-05 0.986
487714 49.0 7.899e-05 0.992
487715 49.5 7.339e-05 0.994
487716 50.0 6.82e-05 0.982
487717 50.5 6.294e-05 0.987
487718 51.0 5.809e-05 0.977
487719 51.5 5.362e-05 1.018
487720 52.0 4.949e-05 1.047
487721 52.5 4.568e-05 1.019
487722 53.0 4.216e-05 1.063
487723 53.5 3.892e-05 1.055
487724 54.0 3.592e-05 1.033
487725 54.5 3.316e-05 1.025
487726 55.0 3.061e-05 1.019
487727 55.5 2.859e-05 0.985
487728 56.0 2.67e-05 0.99
487729 56.5 2.494e-05 1.0
487730 57.0 2.33e-05 1.036
487731 57.5 2.177e-05 1.018
487732 58.0 2.033e-05 1.01
487733 58.5 1.899e-05 1.003
487734 59.0 1.774e-05 0.961
487735 59.5 1.657e-05 0.94
487736 60.0 1.548e-05 0.952
487737 60.5 1.454e-05 0.933
487738 61.0 1.366e-05 0.977
487739 61.5 1.283e-05 1.016
487740 62.0 1.205e-05 1.039
487741 62.5 1.132e-05 1.029
487742 63.0 1.064e-05 1.074
487743 63.5 9.99e-06 1.083
487744 64.0 9.385e-06 1.123
487745 64.5 8.816e-06 1.182
487746 65.0 8.297e-06 1.198
487747 65.5 7.774e-06 1.143
487748 66.0 7.285e-06 1.148
487749 66.5 6.827e-06 1.12
487750 67.0 6.398e-06 1.075
487751 67.5 5.996e-06 1.03
487752 68.0 5.619e-06 1.011
487753 68.5 5.267e-06 0.965
487754 69.0 4.936e-06 0.984
487755 69.5 4.627e-06 0.981
487756 70.0 4.352e-06 1.001
487757 70.5 4.07e-06 0.976
487758 71.0 3.806e-06 0.988
487759 71.5 3.559e-06 1.121
487760 72.0 3.328e-06 1.126
487761 72.5 3.112e-06 1.097
487762 73.0 2.911e-06 1.169
487763 73.5 2.722e-06 1.147
487764 74.0 2.546e-06 1.167
487765 74.5 2.381e-06 1.163
487766 75.0 2.226e-06 1.147
487767 75.5 2.07e-06 1.18
487768 76.0 1.925e-06 1.129
487769 76.5 1.791e-06 1.111
487770 77.0 1.666e-06 1.075
487771 77.5 1.551e-06 1.003
487772 78.0 1.444e-06 0.956
487773 78.5 1.345e-06 0.896
487774 79.0 1.253e-06 0.919
487775 79.5 1.168e-06 0.935
487776 80.0 1.089e-06 0.998
487777 80.5 1.017e-06 0.98
487778 81.0 9.512e-07 0.937
487779 81.5 8.895e-07 0.888
487780 82.0 8.319e-07 0.834
487781 82.5 7.78e-07 0.803
487782 83.0 7.276e-07 0.819
487783 83.5 6.805e-07 0.773
487784 84.0 6.364e-07 0.855
487785 84.5 5.953e-07 0.863
487786 85.0 5.568e-07 0.877
487787 85.5 5.2e-07 0.946
487788 86.0 4.85e-07 0.927
487789 86.5 4.524e-07 0.793
487790 87.0 4.22e-07 0.831
487791 87.5 3.936e-07 0.91
487792 88.0 3.672e-07 0.874
487793 88.5 3.425e-07 0.84
487794 89.0 3.195e-07 0.771
487795 89.5 2.981e-07 0.848
487796 90.0 2.781e-07 0.801
487797 90.5 2.589e-07 0.732
487798 91.0 2.407e-07 0.834
487799 91.5 2.237e-07 0.843
487800 92.0 2.08e-07 0.854
487801 92.5 1.933e-07 0.838
487802 93.0 1.797e-07 0.802
487803 93.5 1.67e-07 0.793
487804 94.0 1.553e-07 0.732
487805 94.5 1.444e-07 0.807
487806 95.0 1.342e-07 0.96
487807 95.5 1.246e-07 1.103
487808 96.0 1.155e-07 1.092
487809 96.5 1.071e-07 1.134
487810 97.0 9.93e-08 1.167
487811 97.5 9.207e-08 1.106
487812 98.0 8.538e-08 1.216
487813 98.5 7.917e-08 1.31
487814 99.0 7.341e-08 1.167
487815 99.5 6.808e-08 1.182
487816 100.0 6.314e-08 1.184
487817 100.5 5.852e-08 1.344
487818 101.0 5.421e-08 1.165
487819 101.5 5.022e-08 1.205
487820 102.0 4.652e-08 1.01
487821 102.5 4.31e-08 0.96
487822 103.0 3.992e-08 0.885
487823 103.5 3.698e-08 0.915
487824 104.0 3.426e-08 0.965
487825 104.5 3.174e-08 0.982
487826 105.0 2.94e-08 0.986
487827 105.5 2.719e-08 1.127
487828 106.0 2.511e-08 1.278
487829 106.5 2.318e-08 1.331
487830 107.0 2.141e-08 1.427
487831 107.5 1.977e-08 1.262
487832 108.0 1.825e-08 1.051
487833 108.5 1.686e-08 0.993
487834 109.0 1.557e-08 1.057
487835 109.5 1.438e-08 1.019
487836 110.0 1.328e-08 0.944
487837 110.5 1.226e-08 0.859
487838 111.0 1.131e-08 0.908
487839 111.5 1.043e-08 0.947
487840 112.0 9.628e-09 1.186
487841 112.5 8.885e-09 1.108
487842 113.0 8.199e-09 1.144
487843 113.5 7.566e-09 1.18
487844 114.0 6.983e-09 1.111
487845 114.5 6.444e-09 1.042
487846 115.0 5.947e-09 1.045
487847 115.5 5.508e-09 1.008
487848 116.0 5.115e-09 1.103
487849 116.5 4.751e-09 1.201
487850 117.0 4.413e-09 1.418
487851 117.5 4.1e-09 1.48
487852 118.0 3.809e-09 1.349
487853 118.5 3.538e-09 1.597
487854 119.0 3.288e-09 1.751
487855 119.5 3.055e-09 1.974
487856 120.0 2.839e-09 2.092
487857 120.5 2.642e-09 2.163
487858 121.0 2.462e-09 2.164
487859 121.5 2.294e-09 1.883
487860 122.0 2.138e-09 1.849
487861 122.5 1.992e-09 1.822
487862 123.0 1.857e-09 1.635
487863 123.5 1.731e-09 1.829
487864 124.0 1.613e-09 1.812
487865 124.5 1.504e-09 1.756
487866 125.0 1.402e-09 1.612
487867 125.5 1.31e-09 1.356
487868 126.0 1.227e-09 1.348
487869 126.5 1.15e-09 1.169
487870 127.0 1.077e-09 1.189
487871 127.5 1.009e-09 1.137
487872 128.0 9.451e-10 0.905
487873 128.5 8.854e-10 0.926
487874 129.0 8.295e-10 0.801
487875 129.5 7.772e-10 0.892
487876 130.0 7.281e-10 0.813
487877 130.5 6.839e-10 0.702
487878 131.0 6.437e-10 0.741
487879 131.5 6.059e-10 0.97
487880 132.0 5.703e-10 1.08
487881 132.5 5.368e-10 1.13
487882 133.0 5.053e-10 1.103
487883 133.5 4.757e-10 1.263
487884 134.0 4.478e-10 1.343
487885 134.5 4.215e-10 1.4
487886 135.0 3.968e-10 1.523
487887 135.5 3.739e-10 1.469
487888 136.0 3.527e-10 1.541
487889 136.5 3.327e-10 1.4
487890 137.0 3.139e-10 1.468
487891 137.5 2.961e-10 1.688
487892 138.0 2.793e-10 1.704
487893 138.5 2.635e-10 1.665
487894 139.0 2.485e-10 1.391
487895 139.5 2.344e-10 1.439
487896 140.0 2.212e-10 1.457
487897 140.5 2.089e-10 1.517
487898 141.0 1.976e-10 1.679
487899 141.5 1.869e-10 1.526
487900 142.0 1.768e-10 1.559
487901 142.5 1.672e-10 1.795
487902 143.0 1.582e-10 1.838
487903 143.5 1.496e-10 1.668
487904 144.0 1.415e-10 1.524
487905 144.5 1.339e-10 1.478
487906 145.0 1.266e-10 1.462
487907 145.5 1.199e-10 1.716
487908 146.0 1.137e-10 1.982
487909 146.5 1.078e-10 1.496
487910 147.0 1.022e-10 1.512
487911 147.5 9.686e-11 1.334
487912 148.0 9.182e-11 1.46
487913 148.5 8.705e-11 1.512
487914 149.0 8.252e-11 1.653
487915 149.5 7.823e-11 1.567
487916 150.0 7.416e-11 1.328
487917 150.5 7.037e-11 1.327
487918 151.0 6.681e-11 1.423
487919 151.5 6.344e-11 1.453
487920 152.0 6.023e-11 1.548
487921 152.5 5.719e-11 1.536
487922 153.0 5.43e-11 1.595
487923 153.5 5.156e-11 1.504
487924 154.0 4.896e-11 1.282
487925 154.5 4.649e-11 1.417
487926 155.0 4.414e-11 1.766
487927 155.5 4.194e-11 1.808
487928 156.0 3.987e-11 1.579
487929 156.5 3.79e-11 1.499
487930 157.0 3.603e-11 1.71
487931 157.5 3.425e-11 1.907
487932 158.0 3.256e-11 1.89
487933 158.5 3.095e-11 1.687
487934 159.0 2.942e-11 1.495
487935 159.5 2.797e-11 1.395
487936 160.0 2.659e-11 1.582
487937 160.5 2.531e-11 1.307
487938 161.0 2.41e-11 1.309
487939 161.5 2.295e-11 1.64
487940 162.0 2.185e-11 1.698
487941 162.5 2.081e-11 1.847
487942 163.0 1.982e-11 1.795
487943 163.5 1.887e-11 1.665
487944 164.0 1.797e-11 1.595
487945 164.5 1.712e-11 1.481
487946 165.0 1.63e-11 1.426
487947 165.5 1.554e-11 1.224
487948 166.0 1.482e-11 1.087
487949 166.5 1.414e-11 1.185
487950 167.0 1.348e-11 1.358
487951 167.5 1.286e-11 1.413
487952 168.0 1.227e-11 1.173
487953 168.5 1.17e-11 1.209
487954 169.0 1.116e-11 1.022
487955 169.5 1.065e-11 0.992
487956 170.0 1.016e-11 1.089
487957 170.5 9.699e-12 1.316
487958 171.0 9.269e-12 1.158
487959 171.5 8.858e-12 1.293
487960 172.0 8.466e-12 1.233
487961 172.5 8.092e-12 1.113
487962 173.0 7.734e-12 0.98
487963 173.5 7.393e-12 0.946
487964 174.0 7.067e-12 1.131
487965 174.5 6.755e-12 1.172
487966 175.0 6.457e-12 1.051
487967 175.5 6.178e-12 1.015
487968 176.0 5.915e-12 1.135
487969 176.5 5.663e-12 1.053
487970 177.0 5.422e-12 1.332
487971 177.5 5.191e-12 1.429
487972 178.0 4.97e-12 1.37
487973 178.5 4.759e-12 1.549
487974 179.0 4.557e-12 1.484
487975 179.5 4.364e-12 1.398
487976 180.0 4.179e-12 1.16
487977 180.5 4.008e-12 1.152
487978 181.0 3.85e-12 1.013
487979 181.5 3.697e-12 0.983
487980 182.0 3.551e-12 1.014
487981 182.5 3.41e-12 1.286
487982 183.0 3.276e-12 1.101
487983 183.5 3.146e-12 1.163
487984 184.0 3.022e-12 1.111
487985 184.5 2.903e-12 1.188
487986 185.0 2.788e-12 1.203
487987 185.5 2.678e-12 1.28
487988 186.0 2.574e-12 1.274
487989 186.5 2.473e-12 1.419
487990 187.0 2.377e-12 1.188
487991 187.5 2.284e-12 1.079
487992 188.0 2.195e-12 1.11
487993 188.5 2.109e-12 0.997
487994 189.0 2.027e-12 1.102
487995 189.5 1.948e-12 0.848
487996 190.0 1.873e-12 0.773
487997 190.5 1.801e-12 0.873
487998 191.0 1.734e-12 0.916
487999 191.5 1.669e-12 0.833
488000 192.0 1.606e-12 0.979
488001 192.5 1.546e-12 0.884
488002 193.0 1.488e-12 0.792
488003 193.5 1.433e-12 0.84
488004 194.0 1.379e-12 0.986
488005 194.5 1.328e-12 1.068
488006 195.0 1.278e-12 1.078
488007 195.5 1.232e-12 1.184
488008 196.0 1.188e-12 1.299
488009 196.5 1.146e-12 1.222
488010 197.0 1.105e-12 1.353
488011 197.5 1.066e-12 1.377
488012 198.0 1.028e-12 1.425
488013 198.5 9.921e-13 1.559
488014 199.0 9.57e-13 1.416
488015 199.5 9.232e-13 1.359
488016 200.0 8.906e-13 1.597
