 HgtMOLA Denkgm3 DensP
536137 0.0 0.01466 1.001
536138 0.5 0.01394 0.991
536139 1.0 0.01327 0.987
536140 1.5 0.01274 0.984
536141 2.0 0.01223 0.988
536142 2.5 0.01171 0.996
536143 3.0 0.01122 1.009
536144 3.5 0.01073 1.021
536145 4.0 0.01027 1.017
536146 4.5 0.00982 1.021
536147 5.0 0.009393 1.013
536148 5.5 0.008985 0.996
536149 6.0 0.008594 0.995
536150 6.5 0.008223 0.992
536151 7.0 0.007868 0.985
536152 7.5 0.00753 0.982
536153 8.0 0.007206 0.966
536154 8.5 0.006897 0.973
536155 9.0 0.006602 0.97
536156 9.5 0.006318 0.977
536157 10.0 0.006047 0.988
536158 10.5 0.005785 0.989
536159 11.0 0.005535 0.983
536160 11.5 0.005295 0.975
536161 12.0 0.005067 0.968
536162 12.5 0.004848 0.96
536163 13.0 0.004639 0.948
536164 13.5 0.004439 0.951
536165 14.0 0.004248 0.961
536166 14.5 0.004065 0.97
536167 15.0 0.003891 0.969
536168 15.5 0.003712 0.968
536169 16.0 0.003541 0.982
536170 16.5 0.003379 0.989
536171 17.0 0.003224 0.987
536172 17.5 0.003076 0.979
536173 18.0 0.002935 0.982
536174 18.5 0.002801 0.959
536175 19.0 0.002672 0.965
536176 19.5 0.00255 0.971
536177 20.0 0.002434 0.975
536178 20.5 0.002313 0.971
536179 21.0 0.002198 0.986
536180 21.5 0.002089 0.974
536181 22.0 0.001985 0.985
536182 22.5 0.001887 0.983
536183 23.0 0.001793 0.985
536184 23.5 0.001704 0.98
536185 24.0 0.00162 0.986
536186 24.5 0.00154 0.991
536187 25.0 0.001464 1.009
536188 25.5 0.001386 1.003
536189 26.0 0.001313 0.996
536190 26.5 0.001244 0.975
536191 27.0 0.001178 0.989
536192 27.5 0.001116 0.992
536193 28.0 0.001057 0.985
536194 28.5 0.001001 0.974
536195 29.0 0.0009483 1.003
536196 29.5 0.0008984 0.998
536197 30.0 0.000851 0.994
536198 30.5 0.0008045 1.006
536199 31.0 0.0007606 1.005
536200 31.5 0.0007191 1.014
536201 32.0 0.0006798 1.018
536202 32.5 0.0006427 1.02
536203 33.0 0.0006077 1.016
536204 33.5 0.0005745 0.992
536205 34.0 0.0005432 1.015
536206 34.5 0.0005136 1.016
536207 35.0 0.0004856 1.017
536208 35.5 0.0004579 1.022
536209 36.0 0.0004319 1.012
536210 36.5 0.0004073 1.021
536211 37.0 0.0003842 1.007
536212 37.5 0.0003624 0.992
536213 38.0 0.0003419 0.999
536214 38.5 0.0003226 1.02
536215 39.0 0.0003043 0.996
536216 39.5 0.0002872 1.011
536217 40.0 0.000271 1.02
536218 40.5 0.000254 1.008
536219 41.0 0.0002381 1.006
536220 41.5 0.0002232 1.056
536221 42.0 0.0002093 1.047
536222 42.5 0.0001962 1.045
536223 43.0 0.000184 1.058
536224 43.5 0.0001725 1.06
536225 44.0 0.0001618 1.075
536226 44.5 0.0001517 1.036
536227 45.0 0.0001423 1.038
536228 45.5 0.0001322 1.051
536229 46.0 0.0001228 1.027
536230 46.5 0.0001141 1.007
536231 47.0 0.000106 1.01
536232 47.5 9.848e-05 1.025
536233 48.0 9.15e-05 1.025
536234 48.5 8.501e-05 1.033
536235 49.0 7.899e-05 1.041
536236 49.5 7.339e-05 1.079
536237 50.0 6.82e-05 1.08
536238 50.5 6.294e-05 1.132
536239 51.0 5.809e-05 1.086
536240 51.5 5.362e-05 1.087
536241 52.0 4.949e-05 1.07
536242 52.5 4.568e-05 1.084
536243 53.0 4.216e-05 1.084
536244 53.5 3.892e-05 1.077
536245 54.0 3.592e-05 1.068
536246 54.5 3.316e-05 1.094
536247 55.0 3.061e-05 1.105
536248 55.5 2.859e-05 1.106
536249 56.0 2.67e-05 1.097
536250 56.5 2.494e-05 1.089
536251 57.0 2.33e-05 1.08
536252 57.5 2.177e-05 1.094
536253 58.0 2.033e-05 1.078
536254 58.5 1.899e-05 1.1
536255 59.0 1.774e-05 1.1
536256 59.5 1.657e-05 1.118
536257 60.0 1.548e-05 1.094
536258 60.5 1.454e-05 1.092
536259 61.0 1.366e-05 1.12
536260 61.5 1.283e-05 1.114
536261 62.0 1.205e-05 1.137
536262 62.5 1.132e-05 1.125
536263 63.0 1.064e-05 1.11
536264 63.5 9.99e-06 1.106
536265 64.0 9.385e-06 1.101
536266 64.5 8.816e-06 1.128
536267 65.0 8.297e-06 1.138
536268 65.5 7.774e-06 1.167
536269 66.0 7.285e-06 1.148
536270 66.5 6.827e-06 1.116
536271 67.0 6.398e-06 1.13
536272 67.5 5.996e-06 1.17
536273 68.0 5.619e-06 1.138
536274 68.5 5.267e-06 1.174
536275 69.0 4.936e-06 1.205
536276 69.5 4.627e-06 1.155
536277 70.0 4.352e-06 1.196
536278 70.5 4.07e-06 1.147
536279 71.0 3.806e-06 1.132
536280 71.5 3.559e-06 1.16
536281 72.0 3.328e-06 1.126
536282 72.5 3.112e-06 1.153
536283 73.0 2.911e-06 1.15
536284 73.5 2.722e-06 1.176
536285 74.0 2.546e-06 1.081
536286 74.5 2.381e-06 1.032
536287 75.0 2.226e-06 1.07
536288 75.5 2.07e-06 0.995
536289 76.0 1.925e-06 0.997
536290 76.5 1.791e-06 0.962
536291 77.0 1.666e-06 1.032
536292 77.5 1.551e-06 1.017
536293 78.0 1.444e-06 0.967
536294 78.5 1.345e-06 0.911
536295 79.0 1.253e-06 0.968
536296 79.5 1.168e-06 0.968
536297 80.0 1.089e-06 1.061
536298 80.5 1.017e-06 1.062
536299 81.0 9.512e-07 1.091
536300 81.5 8.895e-07 1.041
536301 82.0 8.319e-07 1.129
536302 82.5 7.78e-07 1.14
536303 83.0 7.276e-07 1.154
536304 83.5 6.805e-07 1.111
536305 84.0 6.364e-07 1.001
536306 84.5 5.953e-07 1.031
536307 85.0 5.568e-07 1.015
536308 85.5 5.2e-07 0.942
536309 86.0 4.85e-07 0.968
536310 86.5 4.524e-07 0.903
536311 87.0 4.22e-07 0.959
536312 87.5 3.936e-07 0.929
536313 88.0 3.672e-07 0.995
536314 88.5 3.425e-07 1.033
536315 89.0 3.195e-07 0.952
536316 89.5 2.981e-07 1.038
536317 90.0 2.781e-07 0.947
536318 90.5 2.589e-07 0.972
536319 91.0 2.407e-07 1.057
536320 91.5 2.237e-07 0.942
536321 92.0 2.08e-07 1.003
536322 92.5 1.933e-07 1.111
536323 93.0 1.797e-07 1.152
536324 93.5 1.67e-07 1.154
536325 94.0 1.553e-07 1.188
536326 94.5 1.444e-07 1.064
536327 95.0 1.342e-07 1.166
536328 95.5 1.246e-07 1.135
536329 96.0 1.155e-07 1.149
536330 96.5 1.071e-07 1.062
536331 97.0 9.93e-08 1.074
536332 97.5 9.207e-08 0.929
536333 98.0 8.538e-08 0.905
536334 98.5 7.917e-08 0.868
536335 99.0 7.341e-08 0.811
536336 99.5 6.808e-08 0.684
536337 100.0 6.314e-08 0.673
536338 100.5 5.852e-08 0.725
536339 101.0 5.421e-08 0.981
536340 101.5 5.022e-08 1.069
536341 102.0 4.652e-08 0.938
536342 102.5 4.31e-08 1.004
536343 103.0 3.992e-08 0.896
536344 103.5 3.698e-08 0.911
536345 104.0 3.426e-08 0.874
536346 104.5 3.174e-08 0.89
536347 105.0 2.94e-08 0.889
536348 105.5 2.719e-08 0.961
536349 106.0 2.511e-08 0.91
536350 106.5 2.318e-08 1.16
536351 107.0 2.141e-08 1.224
536352 107.5 1.977e-08 1.391
536353 108.0 1.825e-08 1.392
536354 108.5 1.686e-08 1.354
536355 109.0 1.557e-08 1.51
536356 109.5 1.438e-08 1.621
536357 110.0 1.328e-08 1.675
536358 110.5 1.226e-08 1.583
536359 111.0 1.131e-08 1.575
536360 111.5 1.043e-08 1.482
536361 112.0 9.628e-09 1.227
536362 112.5 8.885e-09 1.243
536363 113.0 8.199e-09 1.045
536364 113.5 7.566e-09 1.117
536365 114.0 6.983e-09 1.281
536366 114.5 6.444e-09 1.208
536367 115.0 5.947e-09 1.224
536368 115.5 5.508e-09 1.37
536369 116.0 5.115e-09 1.441
536370 116.5 4.751e-09 1.375
536371 117.0 4.413e-09 1.214
536372 117.5 4.1e-09 1.228
536373 118.0 3.809e-09 1.204
536374 118.5 3.538e-09 1.408
536375 119.0 3.288e-09 1.415
536376 119.5 3.055e-09 1.607
536377 120.0 2.839e-09 1.666
536378 120.5 2.642e-09 1.673
536379 121.0 2.462e-09 1.679
536380 121.5 2.294e-09 1.807
536381 122.0 2.138e-09 1.595
536382 122.5 1.992e-09 1.566
536383 123.0 1.857e-09 1.494
536384 123.5 1.731e-09 1.416
536385 124.0 1.613e-09 1.487
536386 124.5 1.504e-09 1.632
536387 125.0 1.402e-09 1.581
536388 125.5 1.31e-09 1.302
536389 126.0 1.227e-09 1.296
536390 126.5 1.15e-09 1.198
536391 127.0 1.077e-09 1.46
536392 127.5 1.009e-09 1.439
536393 128.0 9.451e-10 1.329
536394 128.5 8.854e-10 1.403
536395 129.0 8.295e-10 1.641
536396 129.5 7.772e-10 1.546
536397 130.0 7.281e-10 1.996
536398 130.5 6.839e-10 1.818
536399 131.0 6.437e-10 1.991
536400 131.5 6.059e-10 2.005
536401 132.0 5.703e-10 1.734
536402 132.5 5.368e-10 1.581
536403 133.0 5.053e-10 1.542
536404 133.5 4.757e-10 1.641
536405 134.0 4.478e-10 1.547
536406 134.5 4.215e-10 1.411
536407 135.0 3.968e-10 1.536
536408 135.5 3.739e-10 1.527
536409 136.0 3.527e-10 1.263
536410 136.5 3.327e-10 1.347
536411 137.0 3.139e-10 1.117
536412 137.5 2.961e-10 1.072
536413 138.0 2.793e-10 1.067
536414 138.5 2.635e-10 1.141
536415 139.0 2.485e-10 1.284
536416 139.5 2.344e-10 1.029
536417 140.0 2.212e-10 1.337
536418 140.5 2.089e-10 1.533
536419 141.0 1.976e-10 1.502
536420 141.5 1.869e-10 1.667
536421 142.0 1.768e-10 1.727
536422 142.5 1.672e-10 1.608
536423 143.0 1.582e-10 1.423
536424 143.5 1.496e-10 1.182
536425 144.0 1.415e-10 1.258
536426 144.5 1.339e-10 1.386
536427 145.0 1.266e-10 1.663
536428 145.5 1.199e-10 1.596
536429 146.0 1.137e-10 1.418
536430 146.5 1.078e-10 1.309
536431 147.0 1.022e-10 1.3
536432 147.5 9.686e-11 1.521
536433 148.0 9.182e-11 1.461
536434 148.5 8.705e-11 1.473
536435 149.0 8.252e-11 1.272
536436 149.5 7.823e-11 1.312
536437 150.0 7.416e-11 1.323
536438 150.5 7.037e-11 1.336
536439 151.0 6.681e-11 1.17
536440 151.5 6.344e-11 0.948
536441 152.0 6.023e-11 1.326
536442 152.5 5.719e-11 1.038
536443 153.0 5.43e-11 1.157
536444 153.5 5.156e-11 1.224
536445 154.0 4.896e-11 0.996
536446 154.5 4.649e-11 0.851
536447 155.0 4.414e-11 0.966
536448 155.5 4.194e-11 0.935
536449 156.0 3.987e-11 0.804
536450 156.5 3.79e-11 0.934
536451 157.0 3.603e-11 0.911
536452 157.5 3.425e-11 0.908
536453 158.0 3.256e-11 0.992
536454 158.5 3.095e-11 0.934
536455 159.0 2.942e-11 0.95
536456 159.5 2.797e-11 0.983
536457 160.0 2.659e-11 1.173
536458 160.5 2.531e-11 1.209
536459 161.0 2.41e-11 1.264
536460 161.5 2.295e-11 1.217
536461 162.0 2.185e-11 0.974
536462 162.5 2.081e-11 1.08
536463 163.0 1.982e-11 0.922
536464 163.5 1.887e-11 0.928
536465 164.0 1.797e-11 0.922
536466 164.5 1.712e-11 1.107
536467 165.0 1.63e-11 1.002
536468 165.5 1.554e-11 0.99
536469 166.0 1.482e-11 0.952
536470 166.5 1.414e-11 0.986
536471 167.0 1.348e-11 0.837
536472 167.5 1.286e-11 1.081
536473 168.0 1.227e-11 1.076
536474 168.5 1.17e-11 1.026
536475 169.0 1.116e-11 1.154
536476 169.5 1.065e-11 0.99
536477 170.0 1.016e-11 0.916
536478 170.5 9.699e-12 0.891
536479 171.0 9.269e-12 0.988
536480 171.5 8.858e-12 0.997
536481 172.0 8.466e-12 0.869
536482 172.5 8.092e-12 0.663
536483 173.0 7.734e-12 0.56
536484 173.5 7.393e-12 0.607
536485 174.0 7.067e-12 0.704
536486 174.5 6.755e-12 0.625
536487 175.0 6.457e-12 0.6
536488 175.5 6.178e-12 0.716
536489 176.0 5.915e-12 0.529
536490 176.5 5.663e-12 0.624
536491 177.0 5.422e-12 0.483
536492 177.5 5.191e-12 0.534
536493 178.0 4.97e-12 0.707
536494 178.5 4.759e-12 0.735
536495 179.0 4.557e-12 0.779
536496 179.5 4.364e-12 0.609
536497 180.0 4.179e-12 0.404
536498 180.5 4.008e-12 0.594
536499 181.0 3.85e-12 0.663
536500 181.5 3.697e-12 0.568
536501 182.0 3.551e-12 0.593
536502 182.5 3.41e-12 0.739
536503 183.0 3.276e-12 0.776
536504 183.5 3.146e-12 0.871
536505 184.0 3.022e-12 0.932
536506 184.5 2.903e-12 0.815
536507 185.0 2.788e-12 0.679
536508 185.5 2.678e-12 0.68
536509 186.0 2.574e-12 0.683
536510 186.5 2.473e-12 0.752
536511 187.0 2.377e-12 0.777
536512 187.5 2.284e-12 0.785
536513 188.0 2.195e-12 0.867
536514 188.5 2.109e-12 0.813
536515 189.0 2.027e-12 0.99
536516 189.5 1.948e-12 1.151
536517 190.0 1.873e-12 0.994
536518 190.5 1.801e-12 0.995
536519 191.0 1.734e-12 0.762
536520 191.5 1.669e-12 0.774
536521 192.0 1.606e-12 0.781
536522 192.5 1.546e-12 0.76
536523 193.0 1.488e-12 0.696
536524 193.5 1.433e-12 0.732
536525 194.0 1.379e-12 0.829
536526 194.5 1.328e-12 0.67
536527 195.0 1.278e-12 0.45
536528 195.5 1.232e-12 0.456
536529 196.0 1.188e-12 0.304
536530 196.5 1.146e-12 0.346
536531 197.0 1.105e-12 0.527
536532 197.5 1.066e-12 0.429
536533 198.0 1.028e-12 0.487
536534 198.5 9.921e-13 0.532
536535 199.0 9.57e-13 0.439
536536 199.5 9.232e-13 0.495
536537 200.0 8.906e-13 0.571
