 HgtMOLA Denkgm3 DensP
598693 0.0 0.01466 1.04
598694 0.5 0.01394 1.03
598695 1.0 0.01327 1.025
598696 1.5 0.01274 1.009
598697 2.0 0.01223 1.016
598698 2.5 0.01171 1.012
598699 3.0 0.01122 1.009
598700 3.5 0.01073 1.009
598701 4.0 0.01027 1.015
598702 4.5 0.00982 1.013
598703 5.0 0.009393 1.009
598704 5.5 0.008985 1.005
598705 6.0 0.008594 1.008
598706 6.5 0.008223 1.014
598707 7.0 0.007868 1.017
598708 7.5 0.00753 1.021
598709 8.0 0.007206 1.025
598710 8.5 0.006897 1.02
598711 9.0 0.006602 1.028
598712 9.5 0.006318 1.022
598713 10.0 0.006047 1.02
598714 10.5 0.005785 1.012
598715 11.0 0.005535 1.01
598716 11.5 0.005295 1.022
598717 12.0 0.005067 1.026
598718 12.5 0.004848 1.028
598719 13.0 0.004639 1.043
598720 13.5 0.004439 1.04
598721 14.0 0.004248 1.035
598722 14.5 0.004065 1.029
598723 15.0 0.003891 1.026
598724 15.5 0.003712 1.03
598725 16.0 0.003541 1.022
598726 16.5 0.003379 1.031
598727 17.0 0.003224 1.029
598728 17.5 0.003076 1.021
598729 18.0 0.002935 1.019
598730 18.5 0.002801 1.027
598731 19.0 0.002672 1.028
598732 19.5 0.00255 1.019
598733 20.0 0.002434 1.009
598734 20.5 0.002313 1.009
598735 21.0 0.002198 1.013
598736 21.5 0.002089 0.992
598737 22.0 0.001985 0.981
598738 22.5 0.001887 0.97
598739 23.0 0.001793 0.966
598740 23.5 0.001704 0.975
598741 24.0 0.00162 0.986
598742 24.5 0.00154 0.99
598743 25.0 0.001464 1.002
598744 25.5 0.001386 0.995
598745 26.0 0.001313 0.988
598746 26.5 0.001244 1.011
598747 27.0 0.001178 1.013
598748 27.5 0.001116 1.015
598749 28.0 0.001057 1.005
598750 28.5 0.001001 0.999
598751 29.0 0.0009483 1.007
598752 29.5 0.0008984 0.975
598753 30.0 0.000851 0.98
598754 30.5 0.0008045 0.991
598755 31.0 0.0007606 0.991
598756 31.5 0.0007191 0.979
598757 32.0 0.0006798 0.992
598758 32.5 0.0006427 1.003
598759 33.0 0.0006077 1.015
598760 33.5 0.0005745 1.015
598761 34.0 0.0005432 1.046
598762 34.5 0.0005136 1.058
598763 35.0 0.0004856 1.068
598764 35.5 0.0004579 1.078
598765 36.0 0.0004319 1.059
598766 36.5 0.0004073 1.073
598767 37.0 0.0003842 1.087
598768 37.5 0.0003624 1.088
598769 38.0 0.0003419 1.074
598770 38.5 0.0003226 1.07
598771 39.0 0.0003043 1.051
598772 39.5 0.0002872 1.056
598773 40.0 0.000271 1.048
598774 40.5 0.000254 1.062
598775 41.0 0.0002381 1.043
598776 41.5 0.0002232 1.052
598777 42.0 0.0002093 1.054
598778 42.5 0.0001962 1.034
598779 43.0 0.000184 1.044
598780 43.5 0.0001725 1.035
598781 44.0 0.0001618 1.02
598782 44.5 0.0001517 1.029
598783 45.0 0.0001423 0.984
598784 45.5 0.0001322 0.987
598785 46.0 0.0001228 1.009
598786 46.5 0.0001141 1.017
598787 47.0 0.000106 1.022
598788 47.5 9.848e-05 1.02
598789 48.0 9.15e-05 0.956
598790 48.5 8.501e-05 0.936
598791 49.0 7.899e-05 0.937
598792 49.5 7.339e-05 0.939
598793 50.0 6.82e-05 0.916
598794 50.5 6.294e-05 0.887
598795 51.0 5.809e-05 0.883
598796 51.5 5.362e-05 0.886
598797 52.0 4.949e-05 0.841
598798 52.5 4.568e-05 0.843
598799 53.0 4.216e-05 0.885
598800 53.5 3.892e-05 0.897
598801 54.0 3.592e-05 0.893
598802 54.5 3.316e-05 0.921
598803 55.0 3.061e-05 0.934
598804 55.5 2.859e-05 0.941
598805 56.0 2.67e-05 0.913
598806 56.5 2.494e-05 0.882
598807 57.0 2.33e-05 0.922
598808 57.5 2.177e-05 0.95
598809 58.0 2.033e-05 0.958
598810 58.5 1.899e-05 0.966
598811 59.0 1.774e-05 1.009
598812 59.5 1.657e-05 0.987
598813 60.0 1.548e-05 0.998
598814 60.5 1.454e-05 0.948
598815 61.0 1.366e-05 0.916
598816 61.5 1.283e-05 0.971
598817 62.0 1.205e-05 0.973
598818 62.5 1.132e-05 1.022
598819 63.0 1.064e-05 0.996
598820 63.5 9.99e-06 0.982
598821 64.0 9.385e-06 0.976
598822 64.5 8.816e-06 0.99
598823 65.0 8.297e-06 1.034
598824 65.5 7.774e-06 1.087
598825 66.0 7.285e-06 1.086
598826 66.5 6.827e-06 1.104
598827 67.0 6.398e-06 1.121
598828 67.5 5.996e-06 1.166
598829 68.0 5.619e-06 1.252
598830 68.5 5.267e-06 1.26
598831 69.0 4.936e-06 1.233
598832 69.5 4.627e-06 1.204
598833 70.0 4.352e-06 1.112
598834 70.5 4.07e-06 1.107
598835 71.0 3.806e-06 1.058
598836 71.5 3.559e-06 1.072
598837 72.0 3.328e-06 1.072
598838 72.5 3.112e-06 1.109
598839 73.0 2.911e-06 1.06
598840 73.5 2.722e-06 1.101
598841 74.0 2.546e-06 1.105
598842 74.5 2.381e-06 1.232
598843 75.0 2.226e-06 1.259
598844 75.5 2.07e-06 1.269
598845 76.0 1.925e-06 1.184
598846 76.5 1.791e-06 1.212
598847 77.0 1.666e-06 1.13
598848 77.5 1.551e-06 1.147
598849 78.0 1.444e-06 1.142
598850 78.5 1.345e-06 1.18
598851 79.0 1.253e-06 1.188
598852 79.5 1.168e-06 1.178
598853 80.0 1.089e-06 1.039
598854 80.5 1.017e-06 1.09
598855 81.0 9.512e-07 1.139
598856 81.5 8.895e-07 1.104
598857 82.0 8.319e-07 1.105
598858 82.5 7.78e-07 1.115
598859 83.0 7.276e-07 1.142
598860 83.5 6.805e-07 1.07
598861 84.0 6.364e-07 1.068
598862 84.5 5.953e-07 1.14
598863 85.0 5.568e-07 1.252
598864 85.5 5.2e-07 1.164
598865 86.0 4.85e-07 1.012
598866 86.5 4.524e-07 1.022
598867 87.0 4.22e-07 0.972
598868 87.5 3.936e-07 0.929
598869 88.0 3.672e-07 0.872
598870 88.5 3.425e-07 0.751
598871 89.0 3.195e-07 0.761
598872 89.5 2.981e-07 0.667
598873 90.0 2.781e-07 0.625
598874 90.5 2.589e-07 0.707
598875 91.0 2.407e-07 0.721
598876 91.5 2.237e-07 0.772
598877 92.0 2.08e-07 0.808
598878 92.5 1.933e-07 0.733
598879 93.0 1.797e-07 0.738
598880 93.5 1.67e-07 0.782
598881 94.0 1.553e-07 0.831
598882 94.5 1.444e-07 0.908
598883 95.0 1.342e-07 0.85
598884 95.5 1.246e-07 0.836
598885 96.0 1.155e-07 0.882
598886 96.5 1.071e-07 0.791
598887 97.0 9.93e-08 0.716
598888 97.5 9.207e-08 0.786
598889 98.0 8.538e-08 0.802
598890 98.5 7.917e-08 0.745
598891 99.0 7.341e-08 0.731
598892 99.5 6.808e-08 0.702
598893 100.0 6.314e-08 0.683
598894 100.5 5.852e-08 0.783
598895 101.0 5.421e-08 0.671
598896 101.5 5.022e-08 0.655
598897 102.0 4.652e-08 0.706
598898 102.5 4.31e-08 0.732
598899 103.0 3.992e-08 0.665
598900 103.5 3.698e-08 0.71
598901 104.0 3.426e-08 0.71
598902 104.5 3.174e-08 0.712
598903 105.0 2.94e-08 0.843
598904 105.5 2.719e-08 0.998
598905 106.0 2.511e-08 0.953
598906 106.5 2.318e-08 0.84
598907 107.0 2.141e-08 1.057
598908 107.5 1.977e-08 1.231
598909 108.0 1.825e-08 1.08
598910 108.5 1.686e-08 0.976
598911 109.0 1.557e-08 0.961
598912 109.5 1.438e-08 1.024
598913 110.0 1.328e-08 0.929
598914 110.5 1.226e-08 0.861
598915 111.0 1.131e-08 0.781
598916 111.5 1.043e-08 0.77
598917 112.0 9.628e-09 0.716
598918 112.5 8.885e-09 0.865
598919 113.0 8.199e-09 1.036
598920 113.5 7.566e-09 0.982
598921 114.0 6.983e-09 1.023
598922 114.5 6.444e-09 1.15
598923 115.0 5.947e-09 1.145
598924 115.5 5.508e-09 1.174
598925 116.0 5.115e-09 1.32
598926 116.5 4.751e-09 1.387
598927 117.0 4.413e-09 1.608
598928 117.5 4.1e-09 1.52
598929 118.0 3.809e-09 1.515
598930 118.5 3.538e-09 1.479
598931 119.0 3.288e-09 1.503
598932 119.5 3.055e-09 1.389
598933 120.0 2.839e-09 1.533
598934 120.5 2.642e-09 1.511
598935 121.0 2.462e-09 1.412
598936 121.5 2.294e-09 1.437
598937 122.0 2.138e-09 1.53
598938 122.5 1.992e-09 1.764
598939 123.0 1.857e-09 1.623
598940 123.5 1.731e-09 1.55
598941 124.0 1.613e-09 1.433
598942 124.5 1.504e-09 1.316
598943 125.0 1.402e-09 1.373
598944 125.5 1.31e-09 1.5
598945 126.0 1.227e-09 1.609
598946 126.5 1.15e-09 1.484
598947 127.0 1.077e-09 1.482
598948 127.5 1.009e-09 1.491
598949 128.0 9.451e-10 1.542
598950 128.5 8.854e-10 1.528
598951 129.0 8.295e-10 1.589
598952 129.5 7.772e-10 1.753
598953 130.0 7.281e-10 1.796
598954 130.5 6.839e-10 1.796
598955 131.0 6.437e-10 1.511
598956 131.5 6.059e-10 1.51
598957 132.0 5.703e-10 1.678
598958 132.5 5.368e-10 1.696
598959 133.0 5.053e-10 1.754
598960 133.5 4.757e-10 1.757
598961 134.0 4.478e-10 1.444
598962 134.5 4.215e-10 1.315
598963 135.0 3.968e-10 1.32
598964 135.5 3.739e-10 1.059
598965 136.0 3.527e-10 1.225
598966 136.5 3.327e-10 1.101
598967 137.0 3.139e-10 0.96
598968 137.5 2.961e-10 0.766
598969 138.0 2.793e-10 0.72
598970 138.5 2.635e-10 0.832
598971 139.0 2.485e-10 0.755
598972 139.5 2.344e-10 0.668
598973 140.0 2.212e-10 0.636
598974 140.5 2.089e-10 0.796
598975 141.0 1.976e-10 0.799
598976 141.5 1.869e-10 0.849
598977 142.0 1.768e-10 0.78
598978 142.5 1.672e-10 0.793
598979 143.0 1.582e-10 0.605
598980 143.5 1.496e-10 0.649
598981 144.0 1.415e-10 0.784
598982 144.5 1.339e-10 0.723
598983 145.0 1.266e-10 0.661
598984 145.5 1.199e-10 0.62
598985 146.0 1.137e-10 0.515
598986 146.5 1.078e-10 0.579
598987 147.0 1.022e-10 0.481
598988 147.5 9.686e-11 0.696
598989 148.0 9.182e-11 0.701
598990 148.5 8.705e-11 0.708
598991 149.0 8.252e-11 0.625
598992 149.5 7.823e-11 0.576
598993 150.0 7.416e-11 0.638
598994 150.5 7.037e-11 0.434
598995 151.0 6.681e-11 0.352
598996 151.5 6.344e-11 0.387
598997 152.0 6.023e-11 0.541
598998 152.5 5.719e-11 0.658
598999 153.0 5.43e-11 0.707
599000 153.5 5.156e-11 0.82
599001 154.0 4.896e-11 1.042
599002 154.5 4.649e-11 1.161
599003 155.0 4.414e-11 0.994
599004 155.5 4.194e-11 0.877
599005 156.0 3.987e-11 0.93
599006 156.5 3.79e-11 0.989
599007 157.0 3.603e-11 1.098
599008 157.5 3.425e-11 1.063
599009 158.0 3.256e-11 1.134
599010 158.5 3.095e-11 1.066
599011 159.0 2.942e-11 1.092
599012 159.5 2.797e-11 0.939
599013 160.0 2.659e-11 1.155
599014 160.5 2.531e-11 0.994
599015 161.0 2.41e-11 0.956
599016 161.5 2.295e-11 0.942
599017 162.0 2.185e-11 0.852
599018 162.5 2.081e-11 0.885
599019 163.0 1.982e-11 0.886
599020 163.5 1.887e-11 1.015
599021 164.0 1.797e-11 1.056
599022 164.5 1.712e-11 1.186
599023 165.0 1.63e-11 1.055
599024 165.5 1.554e-11 1.156
599025 166.0 1.482e-11 1.113
599026 166.5 1.414e-11 1.331
599027 167.0 1.348e-11 1.229
599028 167.5 1.286e-11 1.429
599029 168.0 1.227e-11 1.448
599030 168.5 1.17e-11 1.345
599031 169.0 1.116e-11 1.265
599032 169.5 1.065e-11 1.554
599033 170.0 1.016e-11 1.378
599034 170.5 9.699e-12 1.422
599035 171.0 9.269e-12 1.521
599036 171.5 8.858e-12 1.414
599037 172.0 8.466e-12 1.337
599038 172.5 8.092e-12 1.316
599039 173.0 7.734e-12 1.154
599040 173.5 7.393e-12 1.066
599041 174.0 7.067e-12 1.1
599042 174.5 6.755e-12 1.094
599043 175.0 6.457e-12 1.054
599044 175.5 6.178e-12 1.548
599045 176.0 5.915e-12 1.5
599046 176.5 5.663e-12 1.367
599047 177.0 5.422e-12 1.271
599048 177.5 5.191e-12 1.223
599049 178.0 4.97e-12 1.347
599050 178.5 4.759e-12 1.325
599051 179.0 4.557e-12 1.433
599052 179.5 4.364e-12 1.306
599053 180.0 4.179e-12 1.263
599054 180.5 4.008e-12 1.467
599055 181.0 3.85e-12 1.554
599056 181.5 3.697e-12 1.418
599057 182.0 3.551e-12 1.778
599058 182.5 3.41e-12 1.701
599059 183.0 3.276e-12 1.928
599060 183.5 3.146e-12 1.958
599061 184.0 3.022e-12 1.923
599062 184.5 2.903e-12 2.031
599063 185.0 2.788e-12 1.94
599064 185.5 2.678e-12 2.095
599065 186.0 2.574e-12 2.022
599066 186.5 2.473e-12 1.927
599067 187.0 2.377e-12 1.86
599068 187.5 2.284e-12 1.856
599069 188.0 2.195e-12 1.592
599070 188.5 2.109e-12 1.942
599071 189.0 2.027e-12 1.971
599072 189.5 1.948e-12 1.895
599073 190.0 1.873e-12 1.865
599074 190.5 1.801e-12 1.836
599075 191.0 1.734e-12 1.735
599076 191.5 1.669e-12 1.712
599077 192.0 1.606e-12 1.765
599078 192.5 1.546e-12 1.617
599079 193.0 1.488e-12 1.764
599080 193.5 1.433e-12 1.406
599081 194.0 1.379e-12 1.342
599082 194.5 1.328e-12 1.292
599083 195.0 1.278e-12 1.251
599084 195.5 1.232e-12 1.032
599085 196.0 1.188e-12 1.277
599086 196.5 1.146e-12 1.179
599087 197.0 1.105e-12 0.977
599088 197.5 1.066e-12 0.977
599089 198.0 1.028e-12 1.121
599090 198.5 9.921e-13 1.33
599091 199.0 9.57e-13 1.186
599092 199.5 9.232e-13 1.277
599093 200.0 8.906e-13 1.263
