 HgtMOLA Denkgm3 DensP
614332 0.0 0.01466 1.01
614333 0.5 0.01394 1.01
614334 1.0 0.01327 1.003
614335 1.5 0.01274 0.999
614336 2.0 0.01223 0.992
614337 2.5 0.01171 0.984
614338 3.0 0.01122 0.983
614339 3.5 0.01073 0.988
614340 4.0 0.01027 0.996
614341 4.5 0.00982 1.001
614342 5.0 0.009393 1.002
614343 5.5 0.008985 0.991
614344 6.0 0.008594 0.988
614345 6.5 0.008223 0.989
614346 7.0 0.007868 0.982
614347 7.5 0.00753 0.989
614348 8.0 0.007206 0.988
614349 8.5 0.006897 0.966
614350 9.0 0.006602 0.968
614351 9.5 0.006318 0.975
614352 10.0 0.006047 0.972
614353 10.5 0.005785 0.979
614354 11.0 0.005535 0.98
614355 11.5 0.005295 0.981
614356 12.0 0.005067 0.973
614357 12.5 0.004848 0.97
614358 13.0 0.004639 0.968
614359 13.5 0.004439 0.981
614360 14.0 0.004248 0.988
614361 14.5 0.004065 0.976
614362 15.0 0.003891 0.967
614363 15.5 0.003712 0.986
614364 16.0 0.003541 0.987
614365 16.5 0.003379 0.995
614366 17.0 0.003224 0.975
614367 17.5 0.003076 0.974
614368 18.0 0.002935 0.977
614369 18.5 0.002801 0.97
614370 19.0 0.002672 0.989
614371 19.5 0.00255 0.976
614372 20.0 0.002434 0.96
614373 20.5 0.002313 0.963
614374 21.0 0.002198 0.991
614375 21.5 0.002089 0.972
614376 22.0 0.001985 0.979
614377 22.5 0.001887 0.967
614378 23.0 0.001793 0.969
614379 23.5 0.001704 0.981
614380 24.0 0.00162 0.978
614381 24.5 0.00154 0.966
614382 25.0 0.001464 0.968
614383 25.5 0.001386 0.976
614384 26.0 0.001313 0.969
614385 26.5 0.001244 0.946
614386 27.0 0.001178 0.975
614387 27.5 0.001116 0.957
614388 28.0 0.001057 0.944
614389 28.5 0.001001 0.933
614390 29.0 0.0009483 0.955
614391 29.5 0.0008984 0.946
614392 30.0 0.000851 0.95
614393 30.5 0.0008045 0.928
614394 31.0 0.0007606 0.94
614395 31.5 0.0007191 0.948
614396 32.0 0.0006798 0.949
614397 32.5 0.0006427 0.945
614398 33.0 0.0006077 0.964
614399 33.5 0.0005745 0.968
614400 34.0 0.0005432 0.98
614401 34.5 0.0005136 0.983
614402 35.0 0.0004856 0.989
614403 35.5 0.0004579 0.996
614404 36.0 0.0004319 0.988
614405 36.5 0.0004073 0.981
614406 37.0 0.0003842 0.969
614407 37.5 0.0003624 0.989
614408 38.0 0.0003419 0.99
614409 38.5 0.0003226 1.011
614410 39.0 0.0003043 0.998
614411 39.5 0.0002872 0.988
614412 40.0 0.000271 0.991
614413 40.5 0.000254 0.958
614414 41.0 0.0002381 0.966
614415 41.5 0.0002232 1.0
614416 42.0 0.0002093 1.02
614417 42.5 0.0001962 1.033
614418 43.0 0.000184 1.013
614419 43.5 0.0001725 1.014
614420 44.0 0.0001618 1.019
614421 44.5 0.0001517 1.026
614422 45.0 0.0001423 1.027
614423 45.5 0.0001322 1.057
614424 46.0 0.0001228 1.057
614425 46.5 0.0001141 1.041
614426 47.0 0.000106 1.051
614427 47.5 9.848e-05 1.061
614428 48.0 9.15e-05 1.09
614429 48.5 8.501e-05 1.103
614430 49.0 7.899e-05 1.075
614431 49.5 7.339e-05 1.085
614432 50.0 6.82e-05 1.039
614433 50.5 6.294e-05 1.006
614434 51.0 5.809e-05 0.996
614435 51.5 5.362e-05 1.01
614436 52.0 4.949e-05 1.02
614437 52.5 4.568e-05 1.051
614438 53.0 4.216e-05 1.045
614439 53.5 3.892e-05 1.067
614440 54.0 3.592e-05 1.078
614441 54.5 3.316e-05 1.078
614442 55.0 3.061e-05 1.04
614443 55.5 2.859e-05 1.075
614444 56.0 2.67e-05 1.059
614445 56.5 2.494e-05 1.053
614446 57.0 2.33e-05 1.054
614447 57.5 2.177e-05 1.022
614448 58.0 2.033e-05 1.007
614449 58.5 1.899e-05 0.983
614450 59.0 1.774e-05 0.974
614451 59.5 1.657e-05 1.011
614452 60.0 1.548e-05 1.025
614453 60.5 1.454e-05 1.024
614454 61.0 1.366e-05 1.04
614455 61.5 1.283e-05 1.074
614456 62.0 1.205e-05 1.061
614457 62.5 1.132e-05 1.045
614458 63.0 1.064e-05 1.061
614459 63.5 9.99e-06 1.083
614460 64.0 9.385e-06 1.085
614461 64.5 8.816e-06 1.116
614462 65.0 8.297e-06 1.101
614463 65.5 7.774e-06 1.079
614464 66.0 7.285e-06 1.075
614465 66.5 6.827e-06 1.126
614466 67.0 6.398e-06 1.125
614467 67.5 5.996e-06 1.146
614468 68.0 5.619e-06 1.132
614469 68.5 5.267e-06 1.097
614470 69.0 4.936e-06 1.113
614471 69.5 4.627e-06 1.121
614472 70.0 4.352e-06 1.077
614473 70.5 4.07e-06 1.078
614474 71.0 3.806e-06 1.111
614475 71.5 3.559e-06 1.109
614476 72.0 3.328e-06 1.119
614477 72.5 3.112e-06 1.163
614478 73.0 2.911e-06 1.054
614479 73.5 2.722e-06 0.947
614480 74.0 2.546e-06 0.879
614481 74.5 2.381e-06 0.812
614482 75.0 2.226e-06 0.829
614483 75.5 2.07e-06 0.877
614484 76.0 1.925e-06 0.868
614485 76.5 1.791e-06 0.814
614486 77.0 1.666e-06 0.71
614487 77.5 1.551e-06 0.76
614488 78.0 1.444e-06 0.825
614489 78.5 1.345e-06 0.827
614490 79.0 1.253e-06 0.81
614491 79.5 1.168e-06 0.774
614492 80.0 1.089e-06 0.81
614493 80.5 1.017e-06 0.805
614494 81.0 9.512e-07 0.766
614495 81.5 8.895e-07 0.671
614496 82.0 8.319e-07 0.754
614497 82.5 7.78e-07 0.743
614498 83.0 7.276e-07 0.804
614499 83.5 6.805e-07 0.783
614500 84.0 6.364e-07 0.705
614501 84.5 5.953e-07 0.698
614502 85.0 5.568e-07 0.724
614503 85.5 5.2e-07 0.657
614504 86.0 4.85e-07 0.733
614505 86.5 4.524e-07 0.73
614506 87.0 4.22e-07 0.729
614507 87.5 3.936e-07 0.744
614508 88.0 3.672e-07 0.758
614509 88.5 3.425e-07 0.667
614510 89.0 3.195e-07 0.727
614511 89.5 2.981e-07 0.777
614512 90.0 2.781e-07 0.717
614513 90.5 2.589e-07 0.721
614514 91.0 2.407e-07 0.815
614515 91.5 2.237e-07 0.725
614516 92.0 2.08e-07 0.697
614517 92.5 1.933e-07 0.782
614518 93.0 1.797e-07 0.858
614519 93.5 1.67e-07 0.804
614520 94.0 1.553e-07 0.725
614521 94.5 1.444e-07 0.756
614522 95.0 1.342e-07 0.736
614523 95.5 1.246e-07 0.759
614524 96.0 1.155e-07 0.717
614525 96.5 1.071e-07 0.65
614526 97.0 9.93e-08 0.78
614527 97.5 9.207e-08 0.76
614528 98.0 8.538e-08 0.661
614529 98.5 7.917e-08 0.625
614530 99.0 7.341e-08 0.602
614531 99.5 6.808e-08 0.546
614532 100.0 6.314e-08 0.653
614533 100.5 5.852e-08 0.731
614534 101.0 5.421e-08 0.979
614535 101.5 5.022e-08 0.825
614536 102.0 4.652e-08 0.944
614537 102.5 4.31e-08 1.002
614538 103.0 3.992e-08 1.041
614539 103.5 3.698e-08 0.947
614540 104.0 3.426e-08 1.061
614541 104.5 3.174e-08 1.257
614542 105.0 2.94e-08 1.321
614543 105.5 2.719e-08 1.411
614544 106.0 2.511e-08 1.596
614545 106.5 2.318e-08 1.574
614546 107.0 2.141e-08 1.492
614547 107.5 1.977e-08 1.402
614548 108.0 1.825e-08 1.464
614549 108.5 1.686e-08 1.29
614550 109.0 1.557e-08 1.213
614551 109.5 1.438e-08 1.256
614552 110.0 1.328e-08 1.121
614553 110.5 1.226e-08 1.096
614554 111.0 1.131e-08 1.011
614555 111.5 1.043e-08 1.087
614556 112.0 9.628e-09 0.889
614557 112.5 8.885e-09 0.967
614558 113.0 8.199e-09 0.972
614559 113.5 7.566e-09 0.939
614560 114.0 6.983e-09 0.995
614561 114.5 6.444e-09 1.037
614562 115.0 5.947e-09 1.076
614563 115.5 5.508e-09 1.334
614564 116.0 5.115e-09 1.249
614565 116.5 4.751e-09 1.034
614566 117.0 4.413e-09 0.796
614567 117.5 4.1e-09 0.768
614568 118.0 3.809e-09 0.66
614569 118.5 3.538e-09 0.56
614570 119.0 3.288e-09 0.657
614571 119.5 3.055e-09 0.549
614572 120.0 2.839e-09 0.48
614573 120.5 2.642e-09 0.431
614574 121.0 2.462e-09 0.398
614575 121.5 2.294e-09 0.504
614576 122.0 2.138e-09 0.576
614577 122.5 1.992e-09 0.575
614578 123.0 1.857e-09 0.499
614579 123.5 1.731e-09 0.412
614580 124.0 1.613e-09 0.329
614581 124.5 1.504e-09 0.43
614582 125.0 1.402e-09 0.553
614583 125.5 1.31e-09 0.567
614584 126.0 1.227e-09 0.567
614585 126.5 1.15e-09 0.503
614586 127.0 1.077e-09 0.638
614587 127.5 1.009e-09 0.751
614588 128.0 9.451e-10 0.85
614589 128.5 8.854e-10 0.957
614590 129.0 8.295e-10 1.094
614591 129.5 7.772e-10 0.957
614592 130.0 7.281e-10 0.977
614593 130.5 6.839e-10 1.002
614594 131.0 6.437e-10 1.23
614595 131.5 6.059e-10 1.275
614596 132.0 5.703e-10 1.173
614597 132.5 5.368e-10 1.421
614598 133.0 5.053e-10 1.094
614599 133.5 4.757e-10 0.946
614600 134.0 4.478e-10 0.985
614601 134.5 4.215e-10 0.914
614602 135.0 3.968e-10 1.02
614603 135.5 3.739e-10 1.082
614604 136.0 3.527e-10 1.193
614605 136.5 3.327e-10 1.241
614606 137.0 3.139e-10 1.009
614607 137.5 2.961e-10 1.083
614608 138.0 2.793e-10 0.914
614609 138.5 2.635e-10 0.975
614610 139.0 2.485e-10 1.044
614611 139.5 2.344e-10 1.374
614612 140.0 2.212e-10 1.245
614613 140.5 2.089e-10 1.318
614614 141.0 1.976e-10 1.122
614615 141.5 1.869e-10 0.998
614616 142.0 1.768e-10 0.885
614617 142.5 1.672e-10 1.049
614618 143.0 1.582e-10 0.961
614619 143.5 1.496e-10 1.194
614620 144.0 1.415e-10 1.068
614621 144.5 1.339e-10 0.939
614622 145.0 1.266e-10 0.894
614623 145.5 1.199e-10 1.0
614624 146.0 1.137e-10 0.866
614625 146.5 1.078e-10 0.948
614626 147.0 1.022e-10 1.163
614627 147.5 9.686e-11 1.208
614628 148.0 9.182e-11 1.384
614629 148.5 8.705e-11 1.455
614630 149.0 8.252e-11 1.426
614631 149.5 7.823e-11 1.427
614632 150.0 7.416e-11 1.41
614633 150.5 7.037e-11 1.322
614634 151.0 6.681e-11 1.205
614635 151.5 6.344e-11 1.158
614636 152.0 6.023e-11 1.066
614637 152.5 5.719e-11 0.806
614638 153.0 5.43e-11 1.127
614639 153.5 5.156e-11 0.965
614640 154.0 4.896e-11 1.074
614641 154.5 4.649e-11 1.196
614642 155.0 4.414e-11 1.281
614643 155.5 4.194e-11 1.213
614644 156.0 3.987e-11 1.335
614645 156.5 3.79e-11 1.319
614646 157.0 3.603e-11 1.253
614647 157.5 3.425e-11 1.035
614648 158.0 3.256e-11 1.093
614649 158.5 3.095e-11 1.235
614650 159.0 2.942e-11 1.158
614651 159.5 2.797e-11 1.199
614652 160.0 2.659e-11 1.224
614653 160.5 2.531e-11 1.467
614654 161.0 2.41e-11 1.142
614655 161.5 2.295e-11 0.952
614656 162.0 2.185e-11 0.918
614657 162.5 2.081e-11 0.635
614658 163.0 1.982e-11 0.782
614659 163.5 1.887e-11 0.949
614660 164.0 1.797e-11 0.965
614661 164.5 1.712e-11 1.191
614662 165.0 1.63e-11 1.326
614663 165.5 1.554e-11 1.424
614664 166.0 1.482e-11 1.404
614665 166.5 1.414e-11 1.247
614666 167.0 1.348e-11 1.551
614667 167.5 1.286e-11 1.083
614668 168.0 1.227e-11 1.285
614669 168.5 1.17e-11 1.306
614670 169.0 1.116e-11 1.243
614671 169.5 1.065e-11 1.047
614672 170.0 1.016e-11 1.294
614673 170.5 9.699e-12 1.362
614674 171.0 9.269e-12 1.501
614675 171.5 8.858e-12 1.271
614676 172.0 8.466e-12 1.151
614677 172.5 8.092e-12 1.137
614678 173.0 7.734e-12 1.111
614679 173.5 7.393e-12 1.153
614680 174.0 7.067e-12 1.146
614681 174.5 6.755e-12 1.131
614682 175.0 6.457e-12 1.033
614683 175.5 6.178e-12 1.323
614684 176.0 5.915e-12 1.281
614685 176.5 5.663e-12 1.245
614686 177.0 5.422e-12 1.027
614687 177.5 5.191e-12 0.942
614688 178.0 4.97e-12 1.169
614689 178.5 4.759e-12 0.966
614690 179.0 4.557e-12 1.102
614691 179.5 4.364e-12 1.123
614692 180.0 4.179e-12 1.057
614693 180.5 4.008e-12 1.304
614694 181.0 3.85e-12 1.424
614695 181.5 3.697e-12 1.281
614696 182.0 3.551e-12 1.341
614697 182.5 3.41e-12 1.32
614698 183.0 3.276e-12 1.106
614699 183.5 3.146e-12 1.247
614700 184.0 3.022e-12 1.17
614701 184.5 2.903e-12 1.221
614702 185.0 2.788e-12 1.318
614703 185.5 2.678e-12 1.345
614704 186.0 2.574e-12 1.6
614705 186.5 2.473e-12 1.674
614706 187.0 2.377e-12 1.511
614707 187.5 2.284e-12 1.614
614708 188.0 2.195e-12 1.684
614709 188.5 2.109e-12 1.507
614710 189.0 2.027e-12 1.465
614711 189.5 1.948e-12 1.442
614712 190.0 1.873e-12 1.482
614713 190.5 1.801e-12 1.496
614714 191.0 1.734e-12 1.484
614715 191.5 1.669e-12 1.239
614716 192.0 1.606e-12 1.058
614717 192.5 1.546e-12 0.941
614718 193.0 1.488e-12 0.776
614719 193.5 1.433e-12 0.519
614720 194.0 1.379e-12 0.68
614721 194.5 1.328e-12 0.701
614722 195.0 1.278e-12 0.773
614723 195.5 1.232e-12 0.977
614724 196.0 1.188e-12 0.906
614725 196.5 1.146e-12 0.92
614726 197.0 1.105e-12 0.879
614727 197.5 1.066e-12 0.91
614728 198.0 1.028e-12 0.906
614729 198.5 9.921e-13 0.853
614730 199.0 9.57e-13 1.079
614731 199.5 9.232e-13 1.21
614732 200.0 8.906e-13 1.152
