 HgtMOLA Denkgm3 DensP
61754 0.0 0.01466 0.984
61755 0.5 0.01394 0.987
61756 1.0 0.01327 0.988
61757 1.5 0.01274 0.997
61758 2.0 0.01223 0.989
61759 2.5 0.01171 0.989
61760 3.0 0.01122 0.982
61761 3.5 0.01073 0.982
61762 4.0 0.01027 0.992
61763 4.5 0.00982 0.999
61764 5.0 0.009393 1.003
61765 5.5 0.008985 1.008
61766 6.0 0.008594 1.012
61767 6.5 0.008223 1.01
61768 7.0 0.007868 1.006
61769 7.5 0.00753 1.011
61770 8.0 0.007206 1.008
61771 8.5 0.006897 1.007
61772 9.0 0.006602 1.018
61773 9.5 0.006318 1.009
61774 10.0 0.006047 0.997
61775 10.5 0.005785 0.992
61776 11.0 0.005535 0.993
61777 11.5 0.005295 1.005
61778 12.0 0.005067 1.009
61779 12.5 0.004848 1.02
61780 13.0 0.004639 1.028
61781 13.5 0.004439 0.999
61782 14.0 0.004248 1.008
61783 14.5 0.004065 1.011
61784 15.0 0.003891 0.998
61785 15.5 0.003712 1.006
61786 16.0 0.003541 1.006
61787 16.5 0.003379 1.001
61788 17.0 0.003224 0.99
61789 17.5 0.003076 0.984
61790 18.0 0.002935 0.978
61791 18.5 0.002801 0.982
61792 19.0 0.002672 0.981
61793 19.5 0.00255 1.008
61794 20.0 0.002434 1.023
61795 20.5 0.002313 1.03
61796 21.0 0.002198 1.028
61797 21.5 0.002089 1.052
61798 22.0 0.001985 1.03
61799 22.5 0.001887 1.034
61800 23.0 0.001793 1.029
61801 23.5 0.001704 1.016
61802 24.0 0.00162 1.0
61803 24.5 0.00154 1.006
61804 25.0 0.001464 0.987
61805 25.5 0.001386 0.998
61806 26.0 0.001313 1.017
61807 26.5 0.001244 1.009
61808 27.0 0.001178 1.018
61809 27.5 0.001116 1.021
61810 28.0 0.001057 1.013
61811 28.5 0.001001 1.008
61812 29.0 0.0009483 0.99
61813 29.5 0.0008984 1.003
61814 30.0 0.000851 0.986
61815 30.5 0.0008045 0.983
61816 31.0 0.0007606 0.976
61817 31.5 0.0007191 0.994
61818 32.0 0.0006798 0.993
61819 32.5 0.0006427 1.001
61820 33.0 0.0006077 0.999
61821 33.5 0.0005745 0.971
61822 34.0 0.0005432 0.975
61823 34.5 0.0005136 0.962
61824 35.0 0.0004856 0.979
61825 35.5 0.0004579 0.978
61826 36.0 0.0004319 1.014
61827 36.5 0.0004073 1.02
61828 37.0 0.0003842 1.014
61829 37.5 0.0003624 1.014
61830 38.0 0.0003419 0.982
61831 38.5 0.0003226 0.995
61832 39.0 0.0003043 0.991
61833 39.5 0.0002872 0.958
61834 40.0 0.000271 0.97
61835 40.5 0.000254 0.991
61836 41.0 0.0002381 0.97
61837 41.5 0.0002232 0.994
61838 42.0 0.0002093 1.006
61839 42.5 0.0001962 1.003
61840 43.0 0.000184 0.982
61841 43.5 0.0001725 0.953
61842 44.0 0.0001618 0.972
61843 44.5 0.0001517 1.009
61844 45.0 0.0001423 1.048
61845 45.5 0.0001322 1.046
61846 46.0 0.0001228 1.05
61847 46.5 0.0001141 1.044
61848 47.0 0.000106 1.034
61849 47.5 9.848e-05 1.05
61850 48.0 9.15e-05 1.017
61851 48.5 8.501e-05 1.018
61852 49.0 7.899e-05 1.029
61853 49.5 7.339e-05 1.012
61854 50.0 6.82e-05 0.97
61855 50.5 6.294e-05 0.967
61856 51.0 5.809e-05 0.956
61857 51.5 5.362e-05 0.924
61858 52.0 4.949e-05 0.931
61859 52.5 4.568e-05 0.94
61860 53.0 4.216e-05 0.946
61861 53.5 3.892e-05 0.913
61862 54.0 3.592e-05 0.907
61863 54.5 3.316e-05 0.902
61864 55.0 3.061e-05 0.874
61865 55.5 2.859e-05 0.872
61866 56.0 2.67e-05 0.91
61867 56.5 2.494e-05 0.913
61868 57.0 2.33e-05 0.923
61869 57.5 2.177e-05 0.952
61870 58.0 2.033e-05 0.95
61871 58.5 1.899e-05 0.961
61872 59.0 1.774e-05 1.01
61873 59.5 1.657e-05 0.992
61874 60.0 1.548e-05 0.972
61875 60.5 1.454e-05 0.986
61876 61.0 1.366e-05 0.983
61877 61.5 1.283e-05 0.891
61878 62.0 1.205e-05 0.896
61879 62.5 1.132e-05 0.906
61880 63.0 1.064e-05 0.869
61881 63.5 9.99e-06 0.891
61882 64.0 9.385e-06 0.869
61883 64.5 8.816e-06 0.884
61884 65.0 8.297e-06 0.866
61885 65.5 7.774e-06 0.851
61886 66.0 7.285e-06 0.877
61887 66.5 6.827e-06 0.915
61888 67.0 6.398e-06 0.901
61889 67.5 5.996e-06 0.902
61890 68.0 5.619e-06 0.933
61891 68.5 5.267e-06 0.951
61892 69.0 4.936e-06 0.966
61893 69.5 4.627e-06 0.98
61894 70.0 4.352e-06 0.97
61895 70.5 4.07e-06 0.997
61896 71.0 3.806e-06 1.026
61897 71.5 3.559e-06 1.01
61898 72.0 3.328e-06 1.009
61899 72.5 3.112e-06 1.021
61900 73.0 2.911e-06 1.012
61901 73.5 2.722e-06 0.952
61902 74.0 2.546e-06 0.901
61903 74.5 2.381e-06 0.894
61904 75.0 2.226e-06 0.848
61905 75.5 2.07e-06 0.895
61906 76.0 1.925e-06 0.946
61907 76.5 1.791e-06 0.932
61908 77.0 1.666e-06 0.96
61909 77.5 1.551e-06 0.948
61910 78.0 1.444e-06 0.844
61911 78.5 1.345e-06 0.901
61912 79.0 1.253e-06 0.853
61913 79.5 1.168e-06 0.882
61914 80.0 1.089e-06 0.977
61915 80.5 1.017e-06 1.034
61916 81.0 9.512e-07 1.046
61917 81.5 8.895e-07 1.14
61918 82.0 8.319e-07 1.147
61919 82.5 7.78e-07 1.101
61920 83.0 7.276e-07 1.103
61921 83.5 6.805e-07 0.956
61922 84.0 6.364e-07 0.954
61923 84.5 5.953e-07 1.076
61924 85.0 5.568e-07 0.937
61925 85.5 5.2e-07 0.95
61926 86.0 4.85e-07 1.014
61927 86.5 4.524e-07 0.953
61928 87.0 4.22e-07 0.874
61929 87.5 3.936e-07 0.913
61930 88.0 3.672e-07 0.875
61931 88.5 3.425e-07 0.82
61932 89.0 3.195e-07 0.85
61933 89.5 2.981e-07 0.867
61934 90.0 2.781e-07 0.845
61935 90.5 2.589e-07 0.882
61936 91.0 2.407e-07 0.913
61937 91.5 2.237e-07 0.964
61938 92.0 2.08e-07 0.904
61939 92.5 1.933e-07 0.807
61940 93.0 1.797e-07 0.677
61941 93.5 1.67e-07 0.663
61942 94.0 1.553e-07 0.697
61943 94.5 1.444e-07 0.79
61944 95.0 1.342e-07 0.915
61945 95.5 1.246e-07 0.963
61946 96.0 1.155e-07 0.944
61947 96.5 1.071e-07 0.928
61948 97.0 9.93e-08 0.868
61949 97.5 9.207e-08 0.827
61950 98.0 8.538e-08 0.894
61951 98.5 7.917e-08 0.943
61952 99.0 7.341e-08 0.901
61953 99.5 6.808e-08 0.819
61954 100.0 6.314e-08 0.968
61955 100.5 5.852e-08 0.827
61956 101.0 5.421e-08 0.826
61957 101.5 5.022e-08 0.922
61958 102.0 4.652e-08 0.831
61959 102.5 4.31e-08 0.977
61960 103.0 3.992e-08 0.918
61961 103.5 3.698e-08 0.866
61962 104.0 3.426e-08 0.868
61963 104.5 3.174e-08 0.967
61964 105.0 2.94e-08 0.902
61965 105.5 2.719e-08 0.916
61966 106.0 2.511e-08 0.789
61967 106.5 2.318e-08 0.731
61968 107.0 2.141e-08 0.71
61969 107.5 1.977e-08 0.532
61970 108.0 1.825e-08 0.628
61971 108.5 1.686e-08 0.591
61972 109.0 1.557e-08 0.442
61973 109.5 1.438e-08 0.487
61974 110.0 1.328e-08 0.396
61975 110.5 1.226e-08 0.463
61976 111.0 1.131e-08 0.567
61977 111.5 1.043e-08 0.59
61978 112.0 9.628e-09 0.525
61979 112.5 8.885e-09 0.716
61980 113.0 8.199e-09 0.739
61981 113.5 7.566e-09 0.695
61982 114.0 6.983e-09 0.537
61983 114.5 6.444e-09 0.75
61984 115.0 5.947e-09 0.869
61985 115.5 5.508e-09 0.795
61986 116.0 5.115e-09 0.897
61987 116.5 4.751e-09 0.84
61988 117.0 4.413e-09 0.897
61989 117.5 4.1e-09 0.938
61990 118.0 3.809e-09 0.832
61991 118.5 3.538e-09 0.764
61992 119.0 3.288e-09 0.739
61993 119.5 3.055e-09 0.924
61994 120.0 2.839e-09 0.753
61995 120.5 2.642e-09 0.756
61996 121.0 2.462e-09 0.896
61997 121.5 2.294e-09 0.842
61998 122.0 2.138e-09 0.806
61999 122.5 1.992e-09 0.881
62000 123.0 1.857e-09 0.872
62001 123.5 1.731e-09 1.02
62002 124.0 1.613e-09 1.3
62003 124.5 1.504e-09 1.176
62004 125.0 1.402e-09 1.154
62005 125.5 1.31e-09 1.005
62006 126.0 1.227e-09 0.875
62007 126.5 1.15e-09 0.7
62008 127.0 1.077e-09 0.673
62009 127.5 1.009e-09 0.772
62010 128.0 9.451e-10 0.829
62011 128.5 8.854e-10 0.792
62012 129.0 8.295e-10 0.764
62013 129.5 7.772e-10 0.732
62014 130.0 7.281e-10 0.722
62015 130.5 6.839e-10 0.77
62016 131.0 6.437e-10 0.825
62017 131.5 6.059e-10 0.891
62018 132.0 5.703e-10 0.724
62019 132.5 5.368e-10 0.824
62020 133.0 5.053e-10 0.834
62021 133.5 4.757e-10 0.911
62022 134.0 4.478e-10 0.804
62023 134.5 4.215e-10 0.784
62024 135.0 3.968e-10 0.715
62025 135.5 3.739e-10 0.752
62026 136.0 3.527e-10 0.795
62027 136.5 3.327e-10 0.842
62028 137.0 3.139e-10 0.729
62029 137.5 2.961e-10 0.949
62030 138.0 2.793e-10 1.094
62031 138.5 2.635e-10 0.996
62032 139.0 2.485e-10 0.917
62033 139.5 2.344e-10 0.879
62034 140.0 2.212e-10 0.882
62035 140.5 2.089e-10 0.867
62036 141.0 1.976e-10 0.948
62037 141.5 1.869e-10 0.952
62038 142.0 1.768e-10 0.977
62039 142.5 1.672e-10 0.841
62040 143.0 1.582e-10 0.69
62041 143.5 1.496e-10 0.669
62042 144.0 1.415e-10 0.443
62043 144.5 1.339e-10 0.543
62044 145.0 1.266e-10 0.558
62045 145.5 1.199e-10 0.624
62046 146.0 1.137e-10 0.533
62047 146.5 1.078e-10 0.306
62048 147.0 1.022e-10 0.352
62049 147.5 9.686e-11 0.274
62050 148.0 9.182e-11 0.31
62051 148.5 8.705e-11 0.512
62052 149.0 8.252e-11 0.576
62053 149.5 7.823e-11 0.545
62054 150.0 7.416e-11 0.579
62055 150.5 7.037e-11 0.549
62056 151.0 6.681e-11 0.707
62057 151.5 6.344e-11 0.784
62058 152.0 6.023e-11 0.932
62059 152.5 5.719e-11 0.959
62060 153.0 5.43e-11 1.223
62061 153.5 5.156e-11 1.365
62062 154.0 4.896e-11 1.201
62063 154.5 4.649e-11 0.988
62064 155.0 4.414e-11 0.802
62065 155.5 4.194e-11 0.723
62066 156.0 3.987e-11 0.703
62067 156.5 3.79e-11 0.732
62068 157.0 3.603e-11 0.698
62069 157.5 3.425e-11 0.684
62070 158.0 3.256e-11 0.647
62071 158.5 3.095e-11 0.656
62072 159.0 2.942e-11 0.807
62073 159.5 2.797e-11 0.768
62074 160.0 2.659e-11 1.018
62075 160.5 2.531e-11 0.985
62076 161.0 2.41e-11 0.975
62077 161.5 2.295e-11 1.134
62078 162.0 2.185e-11 1.01
62079 162.5 2.081e-11 0.973
62080 163.0 1.982e-11 1.225
62081 163.5 1.887e-11 1.208
62082 164.0 1.797e-11 1.1
62083 164.5 1.712e-11 1.428
62084 165.0 1.63e-11 1.399
62085 165.5 1.554e-11 1.289
62086 166.0 1.482e-11 1.408
62087 166.5 1.414e-11 1.57
62088 167.0 1.348e-11 1.585
62089 167.5 1.286e-11 1.399
62090 168.0 1.227e-11 1.251
62091 168.5 1.17e-11 1.04
62092 169.0 1.116e-11 0.959
62093 169.5 1.065e-11 0.965
62094 170.0 1.016e-11 1.296
62095 170.5 9.699e-12 1.135
62096 171.0 9.269e-12 1.122
62097 171.5 8.858e-12 1.172
62098 172.0 8.466e-12 0.999
62099 172.5 8.092e-12 0.942
62100 173.0 7.734e-12 0.845
62101 173.5 7.393e-12 0.687
62102 174.0 7.067e-12 0.783
62103 174.5 6.755e-12 0.756
62104 175.0 6.457e-12 0.711
62105 175.5 6.178e-12 0.736
62106 176.0 5.915e-12 0.801
62107 176.5 5.663e-12 1.09
62108 177.0 5.422e-12 1.127
62109 177.5 5.191e-12 1.304
62110 178.0 4.97e-12 1.115
62111 178.5 4.759e-12 1.04
62112 179.0 4.557e-12 0.988
62113 179.5 4.364e-12 0.938
62114 180.0 4.179e-12 1.106
62115 180.5 4.008e-12 1.177
62116 181.0 3.85e-12 1.34
62117 181.5 3.697e-12 1.066
62118 182.0 3.551e-12 1.069
62119 182.5 3.41e-12 0.78
62120 183.0 3.276e-12 0.729
62121 183.5 3.146e-12 0.671
62122 184.0 3.022e-12 0.67
62123 184.5 2.903e-12 0.672
62124 185.0 2.788e-12 0.678
62125 185.5 2.678e-12 0.724
62126 186.0 2.574e-12 0.626
62127 186.5 2.473e-12 0.644
62128 187.0 2.377e-12 0.608
62129 187.5 2.284e-12 0.629
62130 188.0 2.195e-12 0.755
62131 188.5 2.109e-12 0.668
62132 189.0 2.027e-12 0.909
62133 189.5 1.948e-12 0.856
62134 190.0 1.873e-12 0.839
62135 190.5 1.801e-12 0.848
62136 191.0 1.734e-12 0.823
62137 191.5 1.669e-12 0.742
62138 192.0 1.606e-12 0.78
62139 192.5 1.546e-12 0.715
62140 193.0 1.488e-12 0.56
62141 193.5 1.433e-12 0.617
62142 194.0 1.379e-12 0.713
62143 194.5 1.328e-12 0.605
62144 195.0 1.278e-12 0.674
62145 195.5 1.232e-12 0.691
62146 196.0 1.188e-12 0.659
62147 196.5 1.146e-12 0.64
62148 197.0 1.105e-12 0.492
62149 197.5 1.066e-12 0.298
62150 198.0 1.028e-12 0.332
62151 198.5 9.921e-13 0.338
62152 199.0 9.57e-13 0.506
62153 199.5 9.232e-13 0.82
62154 200.0 8.906e-13 0.795
