 HgtMOLA Denkgm3 DensP
99047 0.0 0.01466 1.003
99048 0.5 0.01394 1.002
99049 1.0 0.01327 1.018
99050 1.5 0.01274 1.013
99051 2.0 0.01223 0.998
99052 2.5 0.01171 1.005
99053 3.0 0.01122 1.009
99054 3.5 0.01073 1.006
99055 4.0 0.01027 1.016
99056 4.5 0.00982 1.012
99057 5.0 0.009393 1.02
99058 5.5 0.008985 1.014
99059 6.0 0.008594 1.015
99060 6.5 0.008223 1.01
99061 7.0 0.007868 1.008
99062 7.5 0.00753 1.015
99063 8.0 0.007206 1.019
99064 8.5 0.006897 1.015
99065 9.0 0.006602 1.007
99066 9.5 0.006318 1.002
99067 10.0 0.006047 1.0
99068 10.5 0.005785 1.004
99069 11.0 0.005535 0.997
99070 11.5 0.005295 0.999
99071 12.0 0.005067 0.999
99072 12.5 0.004848 1.002
99073 13.0 0.004639 1.013
99074 13.5 0.004439 1.005
99075 14.0 0.004248 1.007
99076 14.5 0.004065 0.998
99077 15.0 0.003891 0.988
99078 15.5 0.003712 0.982
99079 16.0 0.003541 0.974
99080 16.5 0.003379 0.975
99081 17.0 0.003224 0.976
99082 17.5 0.003076 0.957
99083 18.0 0.002935 0.964
99084 18.5 0.002801 0.961
99085 19.0 0.002672 0.96
99086 19.5 0.00255 0.977
99087 20.0 0.002434 0.979
99088 20.5 0.002313 0.972
99089 21.0 0.002198 0.978
99090 21.5 0.002089 0.979
99091 22.0 0.001985 0.961
99092 22.5 0.001887 0.967
99093 23.0 0.001793 0.974
99094 23.5 0.001704 0.977
99095 24.0 0.00162 0.979
99096 24.5 0.00154 0.957
99097 25.0 0.001464 0.987
99098 25.5 0.001386 0.989
99099 26.0 0.001313 0.991
99100 26.5 0.001244 0.982
99101 27.0 0.001178 0.961
99102 27.5 0.001116 0.967
99103 28.0 0.001057 0.968
99104 28.5 0.001001 0.966
99105 29.0 0.0009483 0.96
99106 29.5 0.0008984 0.948
99107 30.0 0.000851 0.966
99108 30.5 0.0008045 0.946
99109 31.0 0.0007606 0.927
99110 31.5 0.0007191 0.94
99111 32.0 0.0006798 0.941
99112 32.5 0.0006427 0.936
99113 33.0 0.0006077 0.934
99114 33.5 0.0005745 0.947
99115 34.0 0.0005432 0.961
99116 34.5 0.0005136 0.968
99117 35.0 0.0004856 0.974
99118 35.5 0.0004579 0.96
99119 36.0 0.0004319 0.966
99120 36.5 0.0004073 0.967
99121 37.0 0.0003842 0.97
99122 37.5 0.0003624 0.971
99123 38.0 0.0003419 0.966
99124 38.5 0.0003226 0.958
99125 39.0 0.0003043 0.98
99126 39.5 0.0002872 0.956
99127 40.0 0.000271 0.963
99128 40.5 0.000254 0.961
99129 41.0 0.0002381 0.963
99130 41.5 0.0002232 0.972
99131 42.0 0.0002093 0.978
99132 42.5 0.0001962 0.981
99133 43.0 0.000184 0.97
99134 43.5 0.0001725 1.004
99135 44.0 0.0001618 1.022
99136 44.5 0.0001517 1.016
99137 45.0 0.0001423 1.004
99138 45.5 0.0001322 1.015
99139 46.0 0.0001228 1.046
99140 46.5 0.0001141 1.055
99141 47.0 0.000106 1.048
99142 47.5 9.848e-05 1.077
99143 48.0 9.15e-05 1.078
99144 48.5 8.501e-05 1.08
99145 49.0 7.899e-05 1.08
99146 49.5 7.339e-05 1.097
99147 50.0 6.82e-05 1.075
99148 50.5 6.294e-05 1.065
99149 51.0 5.809e-05 1.049
99150 51.5 5.362e-05 1.061
99151 52.0 4.949e-05 1.046
99152 52.5 4.568e-05 1.021
99153 53.0 4.216e-05 1.034
99154 53.5 3.892e-05 1.014
99155 54.0 3.592e-05 1.052
99156 54.5 3.316e-05 1.063
99157 55.0 3.061e-05 1.085
99158 55.5 2.859e-05 1.113
99159 56.0 2.67e-05 1.112
99160 56.5 2.494e-05 1.071
99161 57.0 2.33e-05 1.034
99162 57.5 2.177e-05 1.017
99163 58.0 2.033e-05 0.985
99164 58.5 1.899e-05 0.994
99165 59.0 1.774e-05 0.984
99166 59.5 1.657e-05 0.983
99167 60.0 1.548e-05 1.011
99168 60.5 1.454e-05 0.992
99169 61.0 1.366e-05 1.042
99170 61.5 1.283e-05 1.052
99171 62.0 1.205e-05 1.03
99172 62.5 1.132e-05 1.082
99173 63.0 1.064e-05 1.042
99174 63.5 9.99e-06 1.064
99175 64.0 9.385e-06 1.068
99176 64.5 8.816e-06 1.046
99177 65.0 8.297e-06 0.974
99178 65.5 7.774e-06 0.938
99179 66.0 7.285e-06 0.914
99180 66.5 6.827e-06 0.922
99181 67.0 6.398e-06 0.915
99182 67.5 5.996e-06 0.923
99183 68.0 5.619e-06 0.938
99184 68.5 5.267e-06 0.89
99185 69.0 4.936e-06 0.943
99186 69.5 4.627e-06 0.932
99187 70.0 4.352e-06 0.924
99188 70.5 4.07e-06 0.873
99189 71.0 3.806e-06 0.9
99190 71.5 3.559e-06 0.922
99191 72.0 3.328e-06 0.895
99192 72.5 3.112e-06 0.972
99193 73.0 2.911e-06 0.982
99194 73.5 2.722e-06 0.984
99195 74.0 2.546e-06 0.955
99196 74.5 2.381e-06 0.983
99197 75.0 2.226e-06 0.999
99198 75.5 2.07e-06 0.931
99199 76.0 1.925e-06 0.936
99200 76.5 1.791e-06 0.96
99201 77.0 1.666e-06 0.952
99202 77.5 1.551e-06 1.004
99203 78.0 1.444e-06 1.11
99204 78.5 1.345e-06 1.107
99205 79.0 1.253e-06 1.09
99206 79.5 1.168e-06 1.036
99207 80.0 1.089e-06 1.085
99208 80.5 1.017e-06 1.025
99209 81.0 9.512e-07 0.962
99210 81.5 8.895e-07 0.948
99211 82.0 8.319e-07 0.948
99212 82.5 7.78e-07 0.895
99213 83.0 7.276e-07 0.774
99214 83.5 6.805e-07 0.659
99215 84.0 6.364e-07 0.694
99216 84.5 5.953e-07 0.652
99217 85.0 5.568e-07 0.631
99218 85.5 5.2e-07 0.58
99219 86.0 4.85e-07 0.576
99220 86.5 4.524e-07 0.621
99221 87.0 4.22e-07 0.646
99222 87.5 3.936e-07 0.81
99223 88.0 3.672e-07 0.803
99224 88.5 3.425e-07 0.861
99225 89.0 3.195e-07 0.754
99226 89.5 2.981e-07 0.865
99227 90.0 2.781e-07 0.909
99228 90.5 2.589e-07 0.915
99229 91.0 2.407e-07 0.909
99230 91.5 2.237e-07 0.926
99231 92.0 2.08e-07 0.87
99232 92.5 1.933e-07 0.733
99233 93.0 1.797e-07 0.764
99234 93.5 1.67e-07 0.749
99235 94.0 1.553e-07 0.737
99236 94.5 1.444e-07 0.765
99237 95.0 1.342e-07 0.703
99238 95.5 1.246e-07 0.634
99239 96.0 1.155e-07 0.584
99240 96.5 1.071e-07 0.664
99241 97.0 9.93e-08 0.618
99242 97.5 9.207e-08 0.637
99243 98.0 8.538e-08 0.633
99244 98.5 7.917e-08 0.662
99245 99.0 7.341e-08 0.585
99246 99.5 6.808e-08 0.567
99247 100.0 6.314e-08 0.509
99248 100.5 5.852e-08 0.518
99249 101.0 5.421e-08 0.406
99250 101.5 5.022e-08 0.405
99251 102.0 4.652e-08 0.468
99252 102.5 4.31e-08 0.574
99253 103.0 3.992e-08 0.486
99254 103.5 3.698e-08 0.435
99255 104.0 3.426e-08 0.463
99256 104.5 3.174e-08 0.578
99257 105.0 2.94e-08 0.861
99258 105.5 2.719e-08 1.018
99259 106.0 2.511e-08 0.929
99260 106.5 2.318e-08 1.037
99261 107.0 2.141e-08 1.251
99262 107.5 1.977e-08 1.107
99263 108.0 1.825e-08 1.251
99264 108.5 1.686e-08 1.254
99265 109.0 1.557e-08 1.368
99266 109.5 1.438e-08 1.366
99267 110.0 1.328e-08 1.42
99268 110.5 1.226e-08 1.43
99269 111.0 1.131e-08 1.352
99270 111.5 1.043e-08 1.381
99271 112.0 9.628e-09 1.107
99272 112.5 8.885e-09 1.027
99273 113.0 8.199e-09 0.976
99274 113.5 7.566e-09 0.945
99275 114.0 6.983e-09 1.173
99276 114.5 6.444e-09 1.226
99277 115.0 5.947e-09 1.327
99278 115.5 5.508e-09 1.497
99279 116.0 5.115e-09 1.341
99280 116.5 4.751e-09 1.292
99281 117.0 4.413e-09 1.16
99282 117.5 4.1e-09 1.366
99283 118.0 3.809e-09 1.367
99284 118.5 3.538e-09 1.294
99285 119.0 3.288e-09 1.126
99286 119.5 3.055e-09 0.954
99287 120.0 2.839e-09 1.097
99288 120.5 2.642e-09 1.179
99289 121.0 2.462e-09 1.068
99290 121.5 2.294e-09 1.031
99291 122.0 2.138e-09 0.997
99292 122.5 1.992e-09 0.925
99293 123.0 1.857e-09 0.944
99294 123.5 1.731e-09 0.941
99295 124.0 1.613e-09 0.954
99296 124.5 1.504e-09 1.14
99297 125.0 1.402e-09 1.112
99298 125.5 1.31e-09 1.117
99299 126.0 1.227e-09 1.079
99300 126.5 1.15e-09 0.963
99301 127.0 1.077e-09 0.859
99302 127.5 1.009e-09 0.782
99303 128.0 9.451e-10 0.628
99304 128.5 8.854e-10 0.701
99305 129.0 8.295e-10 0.755
99306 129.5 7.772e-10 0.96
99307 130.0 7.281e-10 0.877
99308 130.5 6.839e-10 0.907
99309 131.0 6.437e-10 0.868
99310 131.5 6.059e-10 0.732
99311 132.0 5.703e-10 0.603
99312 132.5 5.368e-10 0.557
99313 133.0 5.053e-10 0.496
99314 133.5 4.757e-10 0.54
99315 134.0 4.478e-10 0.62
99316 134.5 4.215e-10 0.635
99317 135.0 3.968e-10 0.636
99318 135.5 3.739e-10 0.751
99319 136.0 3.527e-10 0.792
99320 136.5 3.327e-10 0.819
99321 137.0 3.139e-10 0.763
99322 137.5 2.961e-10 0.796
99323 138.0 2.793e-10 1.149
99324 138.5 2.635e-10 1.013
99325 139.0 2.485e-10 0.971
99326 139.5 2.344e-10 0.874
99327 140.0 2.212e-10 0.776
99328 140.5 2.089e-10 0.716
99329 141.0 1.976e-10 0.687
99330 141.5 1.869e-10 0.786
99331 142.0 1.768e-10 0.862
99332 142.5 1.672e-10 0.97
99333 143.0 1.582e-10 1.111
99334 143.5 1.496e-10 1.171
99335 144.0 1.415e-10 1.239
99336 144.5 1.339e-10 1.233
99337 145.0 1.266e-10 1.392
99338 145.5 1.199e-10 1.351
99339 146.0 1.137e-10 1.473
99340 146.5 1.078e-10 1.277
99341 147.0 1.022e-10 1.122
99342 147.5 9.686e-11 1.581
99343 148.0 9.182e-11 1.466
99344 148.5 8.705e-11 1.256
99345 149.0 8.252e-11 1.116
99346 149.5 7.823e-11 1.096
99347 150.0 7.416e-11 1.065
99348 150.5 7.037e-11 0.808
99349 151.0 6.681e-11 0.871
99350 151.5 6.344e-11 0.849
99351 152.0 6.023e-11 0.831
99352 152.5 5.719e-11 0.913
99353 153.0 5.43e-11 1.075
99354 153.5 5.156e-11 0.924
99355 154.0 4.896e-11 0.979
99356 154.5 4.649e-11 1.074
99357 155.0 4.414e-11 1.083
99358 155.5 4.194e-11 1.061
99359 156.0 3.987e-11 1.352
99360 156.5 3.79e-11 1.126
99361 157.0 3.603e-11 1.105
99362 157.5 3.425e-11 1.373
99363 158.0 3.256e-11 1.262
99364 158.5 3.095e-11 1.348
99365 159.0 2.942e-11 1.251
99366 159.5 2.797e-11 1.284
99367 160.0 2.659e-11 1.056
99368 160.5 2.531e-11 1.336
99369 161.0 2.41e-11 1.241
99370 161.5 2.295e-11 1.359
99371 162.0 2.185e-11 1.53
99372 162.5 2.081e-11 1.658
99373 163.0 1.982e-11 1.622
99374 163.5 1.887e-11 1.783
99375 164.0 1.797e-11 1.856
99376 164.5 1.712e-11 1.907
99377 165.0 1.63e-11 1.675
99378 165.5 1.554e-11 1.733
99379 166.0 1.482e-11 1.606
99380 166.5 1.414e-11 1.466
99381 167.0 1.348e-11 1.477
99382 167.5 1.286e-11 1.528
99383 168.0 1.227e-11 1.425
99384 168.5 1.17e-11 1.445
99385 169.0 1.116e-11 1.359
99386 169.5 1.065e-11 1.421
99387 170.0 1.016e-11 1.139
99388 170.5 9.699e-12 1.127
99389 171.0 9.269e-12 0.984
99390 171.5 8.858e-12 0.936
99391 172.0 8.466e-12 0.777
99392 172.5 8.092e-12 0.783
99393 173.0 7.734e-12 0.649
99394 173.5 7.393e-12 0.606
99395 174.0 7.067e-12 0.82
99396 174.5 6.755e-12 0.958
99397 175.0 6.457e-12 0.924
99398 175.5 6.178e-12 0.94
99399 176.0 5.915e-12 0.808
99400 176.5 5.663e-12 0.939
99401 177.0 5.422e-12 1.004
99402 177.5 5.191e-12 1.142
99403 178.0 4.97e-12 0.932
99404 178.5 4.759e-12 0.978
99405 179.0 4.557e-12 0.796
99406 179.5 4.364e-12 0.775
99407 180.0 4.179e-12 0.835
99408 180.5 4.008e-12 0.772
99409 181.0 3.85e-12 0.878
99410 181.5 3.697e-12 0.929
99411 182.0 3.551e-12 0.866
99412 182.5 3.41e-12 0.828
99413 183.0 3.276e-12 0.772
99414 183.5 3.146e-12 0.793
99415 184.0 3.022e-12 0.601
99416 184.5 2.903e-12 0.683
99417 185.0 2.788e-12 0.682
99418 185.5 2.678e-12 0.602
99419 186.0 2.574e-12 0.681
99420 186.5 2.473e-12 0.621
99421 187.0 2.377e-12 0.564
99422 187.5 2.284e-12 0.734
99423 188.0 2.195e-12 0.906
99424 188.5 2.109e-12 0.869
99425 189.0 2.027e-12 0.82
99426 189.5 1.948e-12 0.904
99427 190.0 1.873e-12 0.82
99428 190.5 1.801e-12 0.876
99429 191.0 1.734e-12 0.887
99430 191.5 1.669e-12 0.778
99431 192.0 1.606e-12 0.793
99432 192.5 1.546e-12 0.653
99433 193.0 1.488e-12 0.727
99434 193.5 1.433e-12 0.711
99435 194.0 1.379e-12 0.748
99436 194.5 1.328e-12 0.682
99437 195.0 1.278e-12 0.654
99438 195.5 1.232e-12 0.66
99439 196.0 1.188e-12 0.582
99440 196.5 1.146e-12 0.648
99441 197.0 1.105e-12 0.57
99442 197.5 1.066e-12 0.58
99443 198.0 1.028e-12 0.662
99444 198.5 9.921e-13 0.711
99445 199.0 9.57e-13 0.805
99446 199.5 9.232e-13 0.806
99447 200.0 8.906e-13 0.854
