 HgtMOLA Denkgm3 DensP
994881 0.0 0.01466 1.001
994882 0.5 0.01394 1.006
994883 1.0 0.01327 1.016
994884 1.5 0.01274 1.019
994885 2.0 0.01223 1.021
994886 2.5 0.01171 1.019
994887 3.0 0.01122 1.005
994888 3.5 0.01073 1.011
994889 4.0 0.01027 1.015
994890 4.5 0.00982 1.011
994891 5.0 0.009393 1.027
994892 5.5 0.008985 1.034
994893 6.0 0.008594 1.033
994894 6.5 0.008223 1.04
994895 7.0 0.007868 1.033
994896 7.5 0.00753 1.033
994897 8.0 0.007206 1.03
994898 8.5 0.006897 1.035
994899 9.0 0.006602 1.034
994900 9.5 0.006318 1.033
994901 10.0 0.006047 1.031
994902 10.5 0.005785 1.01
994903 11.0 0.005535 0.995
994904 11.5 0.005295 0.981
994905 12.0 0.005067 0.986
994906 12.5 0.004848 0.994
994907 13.0 0.004639 0.992
994908 13.5 0.004439 0.986
994909 14.0 0.004248 0.989
994910 14.5 0.004065 0.99
994911 15.0 0.003891 0.991
994912 15.5 0.003712 0.991
994913 16.0 0.003541 0.976
994914 16.5 0.003379 0.963
994915 17.0 0.003224 0.977
994916 17.5 0.003076 0.966
994917 18.0 0.002935 0.967
994918 18.5 0.002801 0.954
994919 19.0 0.002672 0.952
994920 19.5 0.00255 0.974
994921 20.0 0.002434 0.968
994922 20.5 0.002313 0.972
994923 21.0 0.002198 0.991
994924 21.5 0.002089 0.979
994925 22.0 0.001985 0.987
994926 22.5 0.001887 0.994
994927 23.0 0.001793 0.992
994928 23.5 0.001704 1.008
994929 24.0 0.00162 1.013
994930 24.5 0.00154 1.04
994931 25.0 0.001464 1.026
994932 25.5 0.001386 1.035
994933 26.0 0.001313 1.04
994934 26.5 0.001244 1.02
994935 27.0 0.001178 1.004
994936 27.5 0.001116 0.982
994937 28.0 0.001057 1.004
994938 28.5 0.001001 0.997
994939 29.0 0.0009483 1.001
994940 29.5 0.0008984 1.007
994941 30.0 0.000851 0.998
994942 30.5 0.0008045 0.992
994943 31.0 0.0007606 1.023
994944 31.5 0.0007191 1.02
994945 32.0 0.0006798 1.024
994946 32.5 0.0006427 1.003
994947 33.0 0.0006077 1.032
994948 33.5 0.0005745 1.039
994949 34.0 0.0005432 1.019
994950 34.5 0.0005136 0.996
994951 35.0 0.0004856 0.979
994952 35.5 0.0004579 0.97
994953 36.0 0.0004319 0.956
994954 36.5 0.0004073 0.949
994955 37.0 0.0003842 0.949
994956 37.5 0.0003624 0.979
994957 38.0 0.0003419 0.949
994958 38.5 0.0003226 0.952
994959 39.0 0.0003043 0.96
994960 39.5 0.0002872 0.957
994961 40.0 0.000271 0.975
994962 40.5 0.000254 0.97
994963 41.0 0.0002381 0.976
994964 41.5 0.0002232 0.964
994965 42.0 0.0002093 0.966
994966 42.5 0.0001962 0.996
994967 43.0 0.000184 1.016
994968 43.5 0.0001725 1.015
994969 44.0 0.0001618 0.965
994970 44.5 0.0001517 0.985
994971 45.0 0.0001423 0.981
994972 45.5 0.0001322 0.982
994973 46.0 0.0001228 0.952
994974 46.5 0.0001141 0.982
994975 47.0 0.000106 0.964
994976 47.5 9.848e-05 0.954
994977 48.0 9.15e-05 0.963
994978 48.5 8.501e-05 0.987
994979 49.0 7.899e-05 0.98
994980 49.5 7.339e-05 0.955
994981 50.0 6.82e-05 0.982
994982 50.5 6.294e-05 1.01
994983 51.0 5.809e-05 1.009
994984 51.5 5.362e-05 1.017
994985 52.0 4.949e-05 0.993
994986 52.5 4.568e-05 0.937
994987 53.0 4.216e-05 0.969
994988 53.5 3.892e-05 0.952
994989 54.0 3.592e-05 0.903
994990 54.5 3.316e-05 0.889
994991 55.0 3.061e-05 0.895
994992 55.5 2.859e-05 0.916
994993 56.0 2.67e-05 0.826
994994 56.5 2.494e-05 0.82
994995 57.0 2.33e-05 0.808
994996 57.5 2.177e-05 0.828
994997 58.0 2.033e-05 0.817
994998 58.5 1.899e-05 0.819
994999 59.0 1.774e-05 0.843
995000 59.5 1.657e-05 0.841
995001 60.0 1.548e-05 0.841
995002 60.5 1.454e-05 0.864
995003 61.0 1.366e-05 0.851
995004 61.5 1.283e-05 0.864
995005 62.0 1.205e-05 0.831
995006 62.5 1.132e-05 0.869
995007 63.0 1.064e-05 0.83
995008 63.5 9.99e-06 0.859
995009 64.0 9.385e-06 0.891
995010 64.5 8.816e-06 0.896
995011 65.0 8.297e-06 0.915
995012 65.5 7.774e-06 0.908
995013 66.0 7.285e-06 0.945
995014 66.5 6.827e-06 0.941
995015 67.0 6.398e-06 1.034
995016 67.5 5.996e-06 1.112
995017 68.0 5.619e-06 1.114
995018 68.5 5.267e-06 1.135
995019 69.0 4.936e-06 1.14
995020 69.5 4.627e-06 1.147
995021 70.0 4.352e-06 1.157
995022 70.5 4.07e-06 1.128
995023 71.0 3.806e-06 1.115
995024 71.5 3.559e-06 1.061
995025 72.0 3.328e-06 0.988
995026 72.5 3.112e-06 0.938
995027 73.0 2.911e-06 1.017
995028 73.5 2.722e-06 0.998
995029 74.0 2.546e-06 1.008
995030 74.5 2.381e-06 1.068
995031 75.0 2.226e-06 0.999
995032 75.5 2.07e-06 1.05
995033 76.0 1.925e-06 1.185
995034 76.5 1.791e-06 1.167
995035 77.0 1.666e-06 1.187
995036 77.5 1.551e-06 1.202
995037 78.0 1.444e-06 1.293
995038 78.5 1.345e-06 1.285
995039 79.0 1.253e-06 1.295
995040 79.5 1.168e-06 1.273
995041 80.0 1.089e-06 1.192
995042 80.5 1.017e-06 1.173
995043 81.0 9.512e-07 1.06
995044 81.5 8.895e-07 1.047
995045 82.0 8.319e-07 1.055
995046 82.5 7.78e-07 0.973
995047 83.0 7.276e-07 0.966
995048 83.5 6.805e-07 0.951
995049 84.0 6.364e-07 1.045
995050 84.5 5.953e-07 1.051
995051 85.0 5.568e-07 1.059
995052 85.5 5.2e-07 1.115
995053 86.0 4.85e-07 1.179
995054 86.5 4.524e-07 1.118
995055 87.0 4.22e-07 1.14
995056 87.5 3.936e-07 1.18
995057 88.0 3.672e-07 1.209
995058 88.5 3.425e-07 1.097
995059 89.0 3.195e-07 1.027
995060 89.5 2.981e-07 1.037
995061 90.0 2.781e-07 1.15
995062 90.5 2.589e-07 1.13
995063 91.0 2.407e-07 1.067
995064 91.5 2.237e-07 1.039
995065 92.0 2.08e-07 1.117
995066 92.5 1.933e-07 1.22
995067 93.0 1.797e-07 1.118
995068 93.5 1.67e-07 1.084
995069 94.0 1.553e-07 0.999
995070 94.5 1.444e-07 0.945
995071 95.0 1.342e-07 1.03
995072 95.5 1.246e-07 1.183
995073 96.0 1.155e-07 1.014
995074 96.5 1.071e-07 0.906
995075 97.0 9.93e-08 0.977
995076 97.5 9.207e-08 0.915
995077 98.0 8.538e-08 0.906
995078 98.5 7.917e-08 0.804
995079 99.0 7.341e-08 0.761
995080 99.5 6.808e-08 0.82
995081 100.0 6.314e-08 0.849
995082 100.5 5.852e-08 0.698
995083 101.0 5.421e-08 0.714
995084 101.5 5.022e-08 0.77
995085 102.0 4.652e-08 0.706
995086 102.5 4.31e-08 0.661
995087 103.0 3.992e-08 0.766
995088 103.5 3.698e-08 0.819
995089 104.0 3.426e-08 0.88
995090 104.5 3.174e-08 0.779
995091 105.0 2.94e-08 0.75
995092 105.5 2.719e-08 0.83
995093 106.0 2.511e-08 0.854
995094 106.5 2.318e-08 0.792
995095 107.0 2.141e-08 0.657
995096 107.5 1.977e-08 0.689
995097 108.0 1.825e-08 0.793
995098 108.5 1.686e-08 0.767
995099 109.0 1.557e-08 0.937
995100 109.5 1.438e-08 0.879
995101 110.0 1.328e-08 0.73
995102 110.5 1.226e-08 0.781
995103 111.0 1.131e-08 0.671
995104 111.5 1.043e-08 0.64
995105 112.0 9.628e-09 0.74
995106 112.5 8.885e-09 0.753
995107 113.0 8.199e-09 1.035
995108 113.5 7.566e-09 1.064
995109 114.0 6.983e-09 0.885
995110 114.5 6.444e-09 0.822
995111 115.0 5.947e-09 0.849
995112 115.5 5.508e-09 0.76
995113 116.0 5.115e-09 0.836
995114 116.5 4.751e-09 0.772
995115 117.0 4.413e-09 0.8
995116 117.5 4.1e-09 0.813
995117 118.0 3.809e-09 0.74
995118 118.5 3.538e-09 0.699
995119 119.0 3.288e-09 0.814
995120 119.5 3.055e-09 0.686
995121 120.0 2.839e-09 0.653
995122 120.5 2.642e-09 0.633
995123 121.0 2.462e-09 0.761
995124 121.5 2.294e-09 0.641
995125 122.0 2.138e-09 0.645
995126 122.5 1.992e-09 0.626
995127 123.0 1.857e-09 0.631
995128 123.5 1.731e-09 0.611
995129 124.0 1.613e-09 0.436
995130 124.5 1.504e-09 0.482
995131 125.0 1.402e-09 0.475
995132 125.5 1.31e-09 0.438
995133 126.0 1.227e-09 0.302
995134 126.5 1.15e-09 0.346
995135 127.0 1.077e-09 0.307
995136 127.5 1.009e-09 0.519
995137 128.0 9.451e-10 0.599
995138 128.5 8.854e-10 0.398
995139 129.0 8.295e-10 0.358
995140 129.5 7.772e-10 0.365
995141 130.0 7.281e-10 0.219
995142 130.5 6.839e-10 0.426
995143 131.0 6.437e-10 0.501
995144 131.5 6.059e-10 0.635
995145 132.0 5.703e-10 0.762
995146 132.5 5.368e-10 0.519
995147 133.0 5.053e-10 0.473
995148 133.5 4.757e-10 0.491
995149 134.0 4.478e-10 0.417
995150 134.5 4.215e-10 0.471
995151 135.0 3.968e-10 0.361
995152 135.5 3.739e-10 0.284
995153 136.0 3.527e-10 0.307
995154 136.5 3.327e-10 0.311
995155 137.0 3.139e-10 0.374
995156 137.5 2.961e-10 0.423
995157 138.0 2.793e-10 0.655
995158 138.5 2.635e-10 0.82
995159 139.0 2.485e-10 0.757
995160 139.5 2.344e-10 1.002
995161 140.0 2.212e-10 1.246
995162 140.5 2.089e-10 1.177
995163 141.0 1.976e-10 1.129
995164 141.5 1.869e-10 1.361
995165 142.0 1.768e-10 1.2
995166 142.5 1.672e-10 1.335
995167 143.0 1.582e-10 1.351
995168 143.5 1.496e-10 1.462
995169 144.0 1.415e-10 1.435
995170 144.5 1.339e-10 1.545
995171 145.0 1.266e-10 1.369
995172 145.5 1.199e-10 1.033
995173 146.0 1.137e-10 1.214
995174 146.5 1.078e-10 1.433
995175 147.0 1.022e-10 1.569
995176 147.5 9.686e-11 1.399
995177 148.0 9.182e-11 1.665
995178 148.5 8.705e-11 1.721
995179 149.0 8.252e-11 1.642
995180 149.5 7.823e-11 1.737
995181 150.0 7.416e-11 1.574
995182 150.5 7.037e-11 1.584
995183 151.0 6.681e-11 1.67
995184 151.5 6.344e-11 1.806
995185 152.0 6.023e-11 1.878
995186 152.5 5.719e-11 1.528
995187 153.0 5.43e-11 1.439
995188 153.5 5.156e-11 1.537
995189 154.0 4.896e-11 1.791
995190 154.5 4.649e-11 1.643
995191 155.0 4.414e-11 1.557
995192 155.5 4.194e-11 1.367
995193 156.0 3.987e-11 1.519
995194 156.5 3.79e-11 1.431
995195 157.0 3.603e-11 1.179
995196 157.5 3.425e-11 1.179
995197 158.0 3.256e-11 1.035
995198 158.5 3.095e-11 1.242
995199 159.0 2.942e-11 1.246
995200 159.5 2.797e-11 1.36
995201 160.0 2.659e-11 1.402
995202 160.5 2.531e-11 1.469
995203 161.0 2.41e-11 1.34
995204 161.5 2.295e-11 1.182
995205 162.0 2.185e-11 1.197
995206 162.5 2.081e-11 1.155
995207 163.0 1.982e-11 1.327
995208 163.5 1.887e-11 1.054
995209 164.0 1.797e-11 0.896
995210 164.5 1.712e-11 1.262
995211 165.0 1.63e-11 1.077
995212 165.5 1.554e-11 0.864
995213 166.0 1.482e-11 0.984
995214 166.5 1.414e-11 1.058
995215 167.0 1.348e-11 1.308
995216 167.5 1.286e-11 1.598
995217 168.0 1.227e-11 1.365
995218 168.5 1.17e-11 1.307
995219 169.0 1.116e-11 1.514
995220 169.5 1.065e-11 1.732
995221 170.0 1.016e-11 1.722
995222 170.5 9.699e-12 1.646
995223 171.0 9.269e-12 1.731
995224 171.5 8.858e-12 1.81
995225 172.0 8.466e-12 1.627
995226 172.5 8.092e-12 1.602
995227 173.0 7.734e-12 1.467
995228 173.5 7.393e-12 1.517
995229 174.0 7.067e-12 1.708
995230 174.5 6.755e-12 1.872
995231 175.0 6.457e-12 1.62
995232 175.5 6.178e-12 1.259
995233 176.0 5.915e-12 1.548
995234 176.5 5.663e-12 1.439
995235 177.0 5.422e-12 1.359
995236 177.5 5.191e-12 1.377
995237 178.0 4.97e-12 0.928
995238 178.5 4.759e-12 1.232
995239 179.0 4.557e-12 1.304
995240 179.5 4.364e-12 1.308
995241 180.0 4.179e-12 1.097
995242 180.5 4.008e-12 0.867
995243 181.0 3.85e-12 0.927
995244 181.5 3.697e-12 0.985
995245 182.0 3.551e-12 0.873
995246 182.5 3.41e-12 0.963
995247 183.0 3.276e-12 1.15
995248 183.5 3.146e-12 1.399
995249 184.0 3.022e-12 1.134
995250 184.5 2.903e-12 1.364
995251 185.0 2.788e-12 1.268
995252 185.5 2.678e-12 1.257
995253 186.0 2.574e-12 1.137
995254 186.5 2.473e-12 1.134
995255 187.0 2.377e-12 0.933
995256 187.5 2.284e-12 0.924
995257 188.0 2.195e-12 0.875
995258 188.5 2.109e-12 0.805
995259 189.0 2.027e-12 0.994
995260 189.5 1.948e-12 1.187
995261 190.0 1.873e-12 1.299
995262 190.5 1.801e-12 1.261
995263 191.0 1.734e-12 1.115
995264 191.5 1.669e-12 1.109
995265 192.0 1.606e-12 1.081
995266 192.5 1.546e-12 1.058
995267 193.0 1.488e-12 1.41
995268 193.5 1.433e-12 1.382
995269 194.0 1.379e-12 1.411
995270 194.5 1.328e-12 1.341
995271 195.0 1.278e-12 1.559
995272 195.5 1.232e-12 1.638
995273 196.0 1.188e-12 1.582
995274 196.5 1.146e-12 1.357
995275 197.0 1.105e-12 1.59
995276 197.5 1.066e-12 1.579
995277 198.0 1.028e-12 1.718
995278 198.5 9.921e-13 2.05
995279 199.0 9.57e-13 2.265
995280 199.5 9.232e-13 2.18
995281 200.0 8.906e-13 1.869
