 HgtMOLA Denkgm3 DensP
1014931 0.0 0.01466 0.98
1014932 0.5 0.01394 0.98
1014933 1.0 0.01327 0.983
1014934 1.5 0.01274 0.987
1014935 2.0 0.01223 0.99
1014936 2.5 0.01171 0.993
1014937 3.0 0.01122 0.989
1014938 3.5 0.01073 0.996
1014939 4.0 0.01027 1.005
1014940 4.5 0.00982 1.016
1014941 5.0 0.009393 1.01
1014942 5.5 0.008985 1.006
1014943 6.0 0.008594 1.01
1014944 6.5 0.008223 1.003
1014945 7.0 0.007868 0.996
1014946 7.5 0.00753 1.003
1014947 8.0 0.007206 1.006
1014948 8.5 0.006897 1.01
1014949 9.0 0.006602 1.024
1014950 9.5 0.006318 1.018
1014951 10.0 0.006047 1.01
1014952 10.5 0.005785 1.011
1014953 11.0 0.005535 1.008
1014954 11.5 0.005295 1.025
1014955 12.0 0.005067 1.029
1014956 12.5 0.004848 1.026
1014957 13.0 0.004639 1.037
1014958 13.5 0.004439 1.036
1014959 14.0 0.004248 1.052
1014960 14.5 0.004065 1.049
1014961 15.0 0.003891 1.06
1014962 15.5 0.003712 1.068
1014963 16.0 0.003541 1.075
1014964 16.5 0.003379 1.066
1014965 17.0 0.003224 1.063
1014966 17.5 0.003076 1.062
1014967 18.0 0.002935 1.048
1014968 18.5 0.002801 1.052
1014969 19.0 0.002672 1.039
1014970 19.5 0.00255 1.049
1014971 20.0 0.002434 1.05
1014972 20.5 0.002313 1.051
1014973 21.0 0.002198 1.048
1014974 21.5 0.002089 1.061
1014975 22.0 0.001985 1.059
1014976 22.5 0.001887 1.045
1014977 23.0 0.001793 1.037
1014978 23.5 0.001704 1.053
1014979 24.0 0.00162 1.038
1014980 24.5 0.00154 1.02
1014981 25.0 0.001464 1.007
1014982 25.5 0.001386 0.999
1014983 26.0 0.001313 0.985
1014984 26.5 0.001244 0.988
1014985 27.0 0.001178 0.977
1014986 27.5 0.001116 0.997
1014987 28.0 0.001057 0.994
1014988 28.5 0.001001 0.973
1014989 29.0 0.0009483 0.987
1014990 29.5 0.0008984 1.009
1014991 30.0 0.000851 0.986
1014992 30.5 0.0008045 0.962
1014993 31.0 0.0007606 0.992
1014994 31.5 0.0007191 1.008
1014995 32.0 0.0006798 1.002
1014996 32.5 0.0006427 1.017
1014997 33.0 0.0006077 1.019
1014998 33.5 0.0005745 1.017
1014999 34.0 0.0005432 0.994
1015000 34.5 0.0005136 0.998
1015001 35.0 0.0004856 0.973
1015002 35.5 0.0004579 0.986
1015003 36.0 0.0004319 0.969
1015004 36.5 0.0004073 0.959
1015005 37.0 0.0003842 0.936
1015006 37.5 0.0003624 0.937
1015007 38.0 0.0003419 0.945
1015008 38.5 0.0003226 0.963
1015009 39.0 0.0003043 0.964
1015010 39.5 0.0002872 0.96
1015011 40.0 0.000271 0.958
1015012 40.5 0.000254 0.954
1015013 41.0 0.0002381 0.939
1015014 41.5 0.0002232 0.947
1015015 42.0 0.0002093 0.948
1015016 42.5 0.0001962 0.961
1015017 43.0 0.000184 0.966
1015018 43.5 0.0001725 0.982
1015019 44.0 0.0001618 0.992
1015020 44.5 0.0001517 0.993
1015021 45.0 0.0001423 0.951
1015022 45.5 0.0001322 0.956
1015023 46.0 0.0001228 0.981
1015024 46.5 0.0001141 0.982
1015025 47.0 0.000106 0.97
1015026 47.5 9.848e-05 0.997
1015027 48.0 9.15e-05 1.023
1015028 48.5 8.501e-05 1.037
1015029 49.0 7.899e-05 1.016
1015030 49.5 7.339e-05 1.012
1015031 50.0 6.82e-05 1.072
1015032 50.5 6.294e-05 1.038
1015033 51.0 5.809e-05 1.063
1015034 51.5 5.362e-05 1.059
1015035 52.0 4.949e-05 1.091
1015036 52.5 4.568e-05 1.085
1015037 53.0 4.216e-05 1.094
1015038 53.5 3.892e-05 1.087
1015039 54.0 3.592e-05 1.097
1015040 54.5 3.316e-05 1.059
1015041 55.0 3.061e-05 1.05
1015042 55.5 2.859e-05 1.05
1015043 56.0 2.67e-05 1.074
1015044 56.5 2.494e-05 1.118
1015045 57.0 2.33e-05 1.115
1015046 57.5 2.177e-05 1.14
1015047 58.0 2.033e-05 1.127
1015048 58.5 1.899e-05 1.105
1015049 59.0 1.774e-05 1.135
1015050 59.5 1.657e-05 1.125
1015051 60.0 1.548e-05 1.142
1015052 60.5 1.454e-05 1.134
1015053 61.0 1.366e-05 1.14
1015054 61.5 1.283e-05 1.093
1015055 62.0 1.205e-05 1.06
1015056 62.5 1.132e-05 1.059
1015057 63.0 1.064e-05 1.065
1015058 63.5 9.99e-06 1.1
1015059 64.0 9.385e-06 1.096
1015060 64.5 8.816e-06 1.055
1015061 65.0 8.297e-06 1.079
1015062 65.5 7.774e-06 1.1
1015063 66.0 7.285e-06 1.097
1015064 66.5 6.827e-06 1.148
1015065 67.0 6.398e-06 1.123
1015066 67.5 5.996e-06 1.203
1015067 68.0 5.619e-06 1.204
1015068 68.5 5.267e-06 1.182
1015069 69.0 4.936e-06 1.149
1015070 69.5 4.627e-06 1.141
1015071 70.0 4.352e-06 1.153
1015072 70.5 4.07e-06 1.115
1015073 71.0 3.806e-06 1.09
1015074 71.5 3.559e-06 1.082
1015075 72.0 3.328e-06 1.137
1015076 72.5 3.112e-06 0.987
1015077 73.0 2.911e-06 1.048
1015078 73.5 2.722e-06 1.073
1015079 74.0 2.546e-06 1.042
1015080 74.5 2.381e-06 1.035
1015081 75.0 2.226e-06 1.016
1015082 75.5 2.07e-06 0.989
1015083 76.0 1.925e-06 1.052
1015084 76.5 1.791e-06 1.023
1015085 77.0 1.666e-06 0.996
1015086 77.5 1.551e-06 0.915
1015087 78.0 1.444e-06 0.951
1015088 78.5 1.345e-06 1.021
1015089 79.0 1.253e-06 0.973
1015090 79.5 1.168e-06 0.897
1015091 80.0 1.089e-06 0.871
1015092 80.5 1.017e-06 0.877
1015093 81.0 9.512e-07 0.941
1015094 81.5 8.895e-07 0.942
1015095 82.0 8.319e-07 0.944
1015096 82.5 7.78e-07 0.916
1015097 83.0 7.276e-07 0.921
1015098 83.5 6.805e-07 0.992
1015099 84.0 6.364e-07 0.958
1015100 84.5 5.953e-07 0.991
1015101 85.0 5.568e-07 1.2
1015102 85.5 5.2e-07 1.19
1015103 86.0 4.85e-07 1.192
1015104 86.5 4.524e-07 1.169
1015105 87.0 4.22e-07 1.232
1015106 87.5 3.936e-07 1.346
1015107 88.0 3.672e-07 1.262
1015108 88.5 3.425e-07 1.294
1015109 89.0 3.195e-07 1.251
1015110 89.5 2.981e-07 1.368
1015111 90.0 2.781e-07 1.304
1015112 90.5 2.589e-07 1.253
1015113 91.0 2.407e-07 1.276
1015114 91.5 2.237e-07 1.317
1015115 92.0 2.08e-07 1.303
1015116 92.5 1.933e-07 1.254
1015117 93.0 1.797e-07 1.385
1015118 93.5 1.67e-07 1.38
1015119 94.0 1.553e-07 1.333
1015120 94.5 1.444e-07 1.349
1015121 95.0 1.342e-07 1.243
1015122 95.5 1.246e-07 1.154
1015123 96.0 1.155e-07 1.228
1015124 96.5 1.071e-07 1.217
1015125 97.0 9.93e-08 1.159
1015126 97.5 9.207e-08 1.108
1015127 98.0 8.538e-08 1.149
1015128 98.5 7.917e-08 1.076
1015129 99.0 7.341e-08 1.134
1015130 99.5 6.808e-08 1.327
1015131 100.0 6.314e-08 1.301
1015132 100.5 5.852e-08 1.564
1015133 101.0 5.421e-08 1.572
1015134 101.5 5.022e-08 1.469
1015135 102.0 4.652e-08 1.522
1015136 102.5 4.31e-08 1.645
1015137 103.0 3.992e-08 1.528
1015138 103.5 3.698e-08 1.486
1015139 104.0 3.426e-08 1.472
1015140 104.5 3.174e-08 1.431
1015141 105.0 2.94e-08 1.165
1015142 105.5 2.719e-08 1.131
1015143 106.0 2.511e-08 1.154
1015144 106.5 2.318e-08 1.071
1015145 107.0 2.141e-08 0.916
1015146 107.5 1.977e-08 1.033
1015147 108.0 1.825e-08 0.866
1015148 108.5 1.686e-08 0.791
1015149 109.0 1.557e-08 0.76
1015150 109.5 1.438e-08 0.993
1015151 110.0 1.328e-08 0.981
1015152 110.5 1.226e-08 0.974
1015153 111.0 1.131e-08 1.092
1015154 111.5 1.043e-08 1.179
1015155 112.0 9.628e-09 1.38
1015156 112.5 8.885e-09 1.407
1015157 113.0 8.199e-09 1.281
1015158 113.5 7.566e-09 1.135
1015159 114.0 6.983e-09 1.132
1015160 114.5 6.444e-09 1.24
1015161 115.0 5.947e-09 1.316
1015162 115.5 5.508e-09 1.116
1015163 116.0 5.115e-09 1.334
1015164 116.5 4.751e-09 1.428
1015165 117.0 4.413e-09 1.081
1015166 117.5 4.1e-09 1.292
1015167 118.0 3.809e-09 1.268
1015168 118.5 3.538e-09 1.254
1015169 119.0 3.288e-09 1.087
1015170 119.5 3.055e-09 1.138
1015171 120.0 2.839e-09 1.099
1015172 120.5 2.642e-09 1.185
1015173 121.0 2.462e-09 1.091
1015174 121.5 2.294e-09 1.328
1015175 122.0 2.138e-09 1.127
1015176 122.5 1.992e-09 1.414
1015177 123.0 1.857e-09 1.3
1015178 123.5 1.731e-09 1.349
1015179 124.0 1.613e-09 1.206
1015180 124.5 1.504e-09 1.349
1015181 125.0 1.402e-09 1.389
1015182 125.5 1.31e-09 1.405
1015183 126.0 1.227e-09 1.118
1015184 126.5 1.15e-09 0.89
1015185 127.0 1.077e-09 0.841
1015186 127.5 1.009e-09 0.867
1015187 128.0 9.451e-10 0.945
1015188 128.5 8.854e-10 1.146
1015189 129.0 8.295e-10 0.927
1015190 129.5 7.772e-10 0.83
1015191 130.0 7.281e-10 0.833
1015192 130.5 6.839e-10 0.963
1015193 131.0 6.437e-10 1.176
1015194 131.5 6.059e-10 1.238
1015195 132.0 5.703e-10 1.188
1015196 132.5 5.368e-10 1.125
1015197 133.0 5.053e-10 1.101
1015198 133.5 4.757e-10 0.889
1015199 134.0 4.478e-10 0.831
1015200 134.5 4.215e-10 1.038
1015201 135.0 3.968e-10 0.952
1015202 135.5 3.739e-10 0.948
1015203 136.0 3.527e-10 0.778
1015204 136.5 3.327e-10 0.774
1015205 137.0 3.139e-10 0.787
1015206 137.5 2.961e-10 0.82
1015207 138.0 2.793e-10 0.693
1015208 138.5 2.635e-10 0.774
1015209 139.0 2.485e-10 0.909
1015210 139.5 2.344e-10 0.801
1015211 140.0 2.212e-10 0.827
1015212 140.5 2.089e-10 0.959
1015213 141.0 1.976e-10 1.201
1015214 141.5 1.869e-10 1.167
1015215 142.0 1.768e-10 1.135
1015216 142.5 1.672e-10 1.214
1015217 143.0 1.582e-10 0.957
1015218 143.5 1.496e-10 1.465
1015219 144.0 1.415e-10 1.2
1015220 144.5 1.339e-10 1.317
1015221 145.0 1.266e-10 1.159
1015222 145.5 1.199e-10 1.347
1015223 146.0 1.137e-10 1.261
1015224 146.5 1.078e-10 1.26
1015225 147.0 1.022e-10 1.141
1015226 147.5 9.686e-11 0.912
1015227 148.0 9.182e-11 0.812
1015228 148.5 8.705e-11 0.956
1015229 149.0 8.252e-11 0.847
1015230 149.5 7.823e-11 0.876
1015231 150.0 7.416e-11 0.728
1015232 150.5 7.037e-11 0.85
1015233 151.0 6.681e-11 0.801
1015234 151.5 6.344e-11 0.865
1015235 152.0 6.023e-11 1.265
1015236 152.5 5.719e-11 1.01
1015237 153.0 5.43e-11 1.173
1015238 153.5 5.156e-11 1.117
1015239 154.0 4.896e-11 1.163
1015240 154.5 4.649e-11 1.098
1015241 155.0 4.414e-11 1.113
1015242 155.5 4.194e-11 0.954
1015243 156.0 3.987e-11 1.049
1015244 156.5 3.79e-11 1.511
1015245 157.0 3.603e-11 1.593
1015246 157.5 3.425e-11 1.635
1015247 158.0 3.256e-11 1.776
1015248 158.5 3.095e-11 1.759
1015249 159.0 2.942e-11 1.74
1015250 159.5 2.797e-11 1.784
1015251 160.0 2.659e-11 1.758
1015252 160.5 2.531e-11 1.785
1015253 161.0 2.41e-11 1.58
1015254 161.5 2.295e-11 1.534
1015255 162.0 2.185e-11 1.397
1015256 162.5 2.081e-11 0.95
1015257 163.0 1.982e-11 0.885
1015258 163.5 1.887e-11 0.671
1015259 164.0 1.797e-11 0.805
1015260 164.5 1.712e-11 0.784
1015261 165.0 1.63e-11 0.727
1015262 165.5 1.554e-11 0.626
1015263 166.0 1.482e-11 0.69
1015264 166.5 1.414e-11 0.846
1015265 167.0 1.348e-11 0.725
1015266 167.5 1.286e-11 0.655
1015267 168.0 1.227e-11 0.802
1015268 168.5 1.17e-11 0.778
1015269 169.0 1.116e-11 0.777
1015270 169.5 1.065e-11 0.805
1015271 170.0 1.016e-11 0.946
1015272 170.5 9.699e-12 0.828
1015273 171.0 9.269e-12 0.781
1015274 171.5 8.858e-12 0.78
1015275 172.0 8.466e-12 0.801
1015276 172.5 8.092e-12 0.892
1015277 173.0 7.734e-12 0.886
1015278 173.5 7.393e-12 0.874
1015279 174.0 7.067e-12 0.798
1015280 174.5 6.755e-12 0.583
1015281 175.0 6.457e-12 0.605
1015282 175.5 6.178e-12 0.671
1015283 176.0 5.915e-12 0.776
1015284 176.5 5.663e-12 0.706
1015285 177.0 5.422e-12 0.881
1015286 177.5 5.191e-12 0.744
1015287 178.0 4.97e-12 0.71
1015288 178.5 4.759e-12 0.605
1015289 179.0 4.557e-12 0.62
1015290 179.5 4.364e-12 0.622
1015291 180.0 4.179e-12 0.56
1015292 180.5 4.008e-12 0.676
1015293 181.0 3.85e-12 0.742
1015294 181.5 3.697e-12 0.893
1015295 182.0 3.551e-12 0.91
1015296 182.5 3.41e-12 0.863
1015297 183.0 3.276e-12 0.964
1015298 183.5 3.146e-12 0.948
1015299 184.0 3.022e-12 1.071
1015300 184.5 2.903e-12 1.082
1015301 185.0 2.788e-12 0.994
1015302 185.5 2.678e-12 0.951
1015303 186.0 2.574e-12 1.197
1015304 186.5 2.473e-12 1.293
1015305 187.0 2.377e-12 1.228
1015306 187.5 2.284e-12 1.249
1015307 188.0 2.195e-12 1.186
1015308 188.5 2.109e-12 1.02
1015309 189.0 2.027e-12 0.762
1015310 189.5 1.948e-12 0.876
1015311 190.0 1.873e-12 0.967
1015312 190.5 1.801e-12 0.982
1015313 191.0 1.734e-12 1.195
1015314 191.5 1.669e-12 1.111
1015315 192.0 1.606e-12 1.139
1015316 192.5 1.546e-12 1.047
1015317 193.0 1.488e-12 0.962
1015318 193.5 1.433e-12 0.887
1015319 194.0 1.379e-12 0.89
1015320 194.5 1.328e-12 1.028
1015321 195.0 1.278e-12 1.031
1015322 195.5 1.232e-12 0.909
1015323 196.0 1.188e-12 1.161
1015324 196.5 1.146e-12 1.311
1015325 197.0 1.105e-12 1.13
1015326 197.5 1.066e-12 1.019
1015327 198.0 1.028e-12 1.444
1015328 198.5 9.921e-13 1.459
1015329 199.0 9.57e-13 1.367
1015330 199.5 9.232e-13 1.626
1015331 200.0 8.906e-13 1.495
