 HgtMOLA Denkgm3 DensP
1081096 0.0 0.01466 0.992
1081097 0.5 0.01394 0.995
1081098 1.0 0.01327 1.001
1081099 1.5 0.01274 0.992
1081100 2.0 0.01223 0.99
1081101 2.5 0.01171 0.994
1081102 3.0 0.01122 0.993
1081103 3.5 0.01073 1.0
1081104 4.0 0.01027 1.002
1081105 4.5 0.00982 1.005
1081106 5.0 0.009393 1.003
1081107 5.5 0.008985 1.004
1081108 6.0 0.008594 0.99
1081109 6.5 0.008223 0.99
1081110 7.0 0.007868 1.0
1081111 7.5 0.00753 1.012
1081112 8.0 0.007206 1.007
1081113 8.5 0.006897 1.002
1081114 9.0 0.006602 1.006
1081115 9.5 0.006318 1.011
1081116 10.0 0.006047 1.014
1081117 10.5 0.005785 1.024
1081118 11.0 0.005535 1.028
1081119 11.5 0.005295 1.022
1081120 12.0 0.005067 1.03
1081121 12.5 0.004848 1.029
1081122 13.0 0.004639 1.028
1081123 13.5 0.004439 1.03
1081124 14.0 0.004248 1.032
1081125 14.5 0.004065 1.023
1081126 15.0 0.003891 1.024
1081127 15.5 0.003712 1.024
1081128 16.0 0.003541 1.015
1081129 16.5 0.003379 1.008
1081130 17.0 0.003224 1.023
1081131 17.5 0.003076 1.024
1081132 18.0 0.002935 1.021
1081133 18.5 0.002801 1.021
1081134 19.0 0.002672 1.027
1081135 19.5 0.00255 1.029
1081136 20.0 0.002434 1.037
1081137 20.5 0.002313 1.039
1081138 21.0 0.002198 1.021
1081139 21.5 0.002089 1.021
1081140 22.0 0.001985 1.029
1081141 22.5 0.001887 1.038
1081142 23.0 0.001793 1.051
1081143 23.5 0.001704 1.056
1081144 24.0 0.00162 1.045
1081145 24.5 0.00154 1.048
1081146 25.0 0.001464 1.025
1081147 25.5 0.001386 1.013
1081148 26.0 0.001313 1.03
1081149 26.5 0.001244 1.029
1081150 27.0 0.001178 1.023
1081151 27.5 0.001116 1.02
1081152 28.0 0.001057 1.024
1081153 28.5 0.001001 1.042
1081154 29.0 0.0009483 1.071
1081155 29.5 0.0008984 1.068
1081156 30.0 0.000851 1.072
1081157 30.5 0.0008045 1.087
1081158 31.0 0.0007606 1.08
1081159 31.5 0.0007191 1.075
1081160 32.0 0.0006798 1.102
1081161 32.5 0.0006427 1.104
1081162 33.0 0.0006077 1.114
1081163 33.5 0.0005745 1.098
1081164 34.0 0.0005432 1.076
1081165 34.5 0.0005136 1.09
1081166 35.0 0.0004856 1.095
1081167 35.5 0.0004579 1.075
1081168 36.0 0.0004319 1.061
1081169 36.5 0.0004073 1.052
1081170 37.0 0.0003842 1.052
1081171 37.5 0.0003624 1.068
1081172 38.0 0.0003419 1.057
1081173 38.5 0.0003226 1.047
1081174 39.0 0.0003043 1.036
1081175 39.5 0.0002872 1.037
1081176 40.0 0.000271 1.03
1081177 40.5 0.000254 1.092
1081178 41.0 0.0002381 1.104
1081179 41.5 0.0002232 1.107
1081180 42.0 0.0002093 1.06
1081181 42.5 0.0001962 1.033
1081182 43.0 0.000184 0.987
1081183 43.5 0.0001725 0.965
1081184 44.0 0.0001618 0.966
1081185 44.5 0.0001517 0.99
1081186 45.0 0.0001423 0.969
1081187 45.5 0.0001322 0.948
1081188 46.0 0.0001228 0.955
1081189 46.5 0.0001141 0.937
1081190 47.0 0.000106 0.941
1081191 47.5 9.848e-05 0.969
1081192 48.0 9.15e-05 0.942
1081193 48.5 8.501e-05 0.94
1081194 49.0 7.899e-05 0.944
1081195 49.5 7.339e-05 0.917
1081196 50.0 6.82e-05 0.978
1081197 50.5 6.294e-05 0.995
1081198 51.0 5.809e-05 1.033
1081199 51.5 5.362e-05 1.05
1081200 52.0 4.949e-05 1.028
1081201 52.5 4.568e-05 1.046
1081202 53.0 4.216e-05 1.012
1081203 53.5 3.892e-05 1.015
1081204 54.0 3.592e-05 0.995
1081205 54.5 3.316e-05 1.011
1081206 55.0 3.061e-05 1.023
1081207 55.5 2.859e-05 1.056
1081208 56.0 2.67e-05 1.107
1081209 56.5 2.494e-05 1.072
1081210 57.0 2.33e-05 1.049
1081211 57.5 2.177e-05 1.058
1081212 58.0 2.033e-05 1.014
1081213 58.5 1.899e-05 1.028
1081214 59.0 1.774e-05 1.041
1081215 59.5 1.657e-05 0.984
1081216 60.0 1.548e-05 0.992
1081217 60.5 1.454e-05 0.959
1081218 61.0 1.366e-05 0.966
1081219 61.5 1.283e-05 0.978
1081220 62.0 1.205e-05 0.949
1081221 62.5 1.132e-05 1.003
1081222 63.0 1.064e-05 0.972
1081223 63.5 9.99e-06 1.031
1081224 64.0 9.385e-06 0.982
1081225 64.5 8.816e-06 0.986
1081226 65.0 8.297e-06 1.001
1081227 65.5 7.774e-06 0.951
1081228 66.0 7.285e-06 0.924
1081229 66.5 6.827e-06 0.905
1081230 67.0 6.398e-06 0.973
1081231 67.5 5.996e-06 1.041
1081232 68.0 5.619e-06 1.026
1081233 68.5 5.267e-06 1.046
1081234 69.0 4.936e-06 1.077
1081235 69.5 4.627e-06 1.113
1081236 70.0 4.352e-06 1.055
1081237 70.5 4.07e-06 1.072
1081238 71.0 3.806e-06 1.053
1081239 71.5 3.559e-06 1.05
1081240 72.0 3.328e-06 1.055
1081241 72.5 3.112e-06 1.083
1081242 73.0 2.911e-06 1.065
1081243 73.5 2.722e-06 1.101
1081244 74.0 2.546e-06 1.038
1081245 74.5 2.381e-06 1.022
1081246 75.0 2.226e-06 1.003
1081247 75.5 2.07e-06 0.949
1081248 76.0 1.925e-06 0.947
1081249 76.5 1.791e-06 0.944
1081250 77.0 1.666e-06 0.934
1081251 77.5 1.551e-06 0.88
1081252 78.0 1.444e-06 0.918
1081253 78.5 1.345e-06 0.889
1081254 79.0 1.253e-06 0.847
1081255 79.5 1.168e-06 0.803
1081256 80.0 1.089e-06 0.82
1081257 80.5 1.017e-06 0.838
1081258 81.0 9.512e-07 0.795
1081259 81.5 8.895e-07 0.768
1081260 82.0 8.319e-07 0.852
1081261 82.5 7.78e-07 0.808
1081262 83.0 7.276e-07 0.889
1081263 83.5 6.805e-07 0.813
1081264 84.0 6.364e-07 0.829
1081265 84.5 5.953e-07 0.839
1081266 85.0 5.568e-07 0.769
1081267 85.5 5.2e-07 0.73
1081268 86.0 4.85e-07 0.717
1081269 86.5 4.524e-07 0.716
1081270 87.0 4.22e-07 0.736
1081271 87.5 3.936e-07 0.679
1081272 88.0 3.672e-07 0.564
1081273 88.5 3.425e-07 0.671
1081274 89.0 3.195e-07 0.708
1081275 89.5 2.981e-07 0.637
1081276 90.0 2.781e-07 0.666
1081277 90.5 2.589e-07 0.756
1081278 91.0 2.407e-07 0.803
1081279 91.5 2.237e-07 0.887
1081280 92.0 2.08e-07 0.924
1081281 92.5 1.933e-07 0.996
1081282 93.0 1.797e-07 0.906
1081283 93.5 1.67e-07 1.017
1081284 94.0 1.553e-07 1.112
1081285 94.5 1.444e-07 1.218
1081286 95.0 1.342e-07 1.256
1081287 95.5 1.246e-07 1.339
1081288 96.0 1.155e-07 1.242
1081289 96.5 1.071e-07 1.163
1081290 97.0 9.93e-08 1.161
1081291 97.5 9.207e-08 1.208
1081292 98.0 8.538e-08 1.432
1081293 98.5 7.917e-08 1.409
1081294 99.0 7.341e-08 1.344
1081295 99.5 6.808e-08 1.3
1081296 100.0 6.314e-08 1.23
1081297 100.5 5.852e-08 1.193
1081298 101.0 5.421e-08 1.265
1081299 101.5 5.022e-08 1.202
1081300 102.0 4.652e-08 1.218
1081301 102.5 4.31e-08 1.282
1081302 103.0 3.992e-08 1.01
1081303 103.5 3.698e-08 0.874
1081304 104.0 3.426e-08 0.946
1081305 104.5 3.174e-08 1.01
1081306 105.0 2.94e-08 1.099
1081307 105.5 2.719e-08 0.978
1081308 106.0 2.511e-08 1.063
1081309 106.5 2.318e-08 1.061
1081310 107.0 2.141e-08 1.073
1081311 107.5 1.977e-08 1.099
1081312 108.0 1.825e-08 1.255
1081313 108.5 1.686e-08 1.226
1081314 109.0 1.557e-08 1.458
1081315 109.5 1.438e-08 1.257
1081316 110.0 1.328e-08 1.176
1081317 110.5 1.226e-08 1.244
1081318 111.0 1.131e-08 1.221
1081319 111.5 1.043e-08 1.25
1081320 112.0 9.628e-09 1.248
1081321 112.5 8.885e-09 1.087
1081322 113.0 8.199e-09 1.013
1081323 113.5 7.566e-09 1.024
1081324 114.0 6.983e-09 0.958
1081325 114.5 6.444e-09 1.145
1081326 115.0 5.947e-09 0.938
1081327 115.5 5.508e-09 0.819
1081328 116.0 5.115e-09 0.635
1081329 116.5 4.751e-09 0.717
1081330 117.0 4.413e-09 0.73
1081331 117.5 4.1e-09 0.785
1081332 118.0 3.809e-09 0.764
1081333 118.5 3.538e-09 0.643
1081334 119.0 3.288e-09 0.774
1081335 119.5 3.055e-09 0.823
1081336 120.0 2.839e-09 0.87
1081337 120.5 2.642e-09 0.925
1081338 121.0 2.462e-09 0.922
1081339 121.5 2.294e-09 0.994
1081340 122.0 2.138e-09 0.981
1081341 122.5 1.992e-09 0.892
1081342 123.0 1.857e-09 0.767
1081343 123.5 1.731e-09 0.664
1081344 124.0 1.613e-09 0.686
1081345 124.5 1.504e-09 0.88
1081346 125.0 1.402e-09 1.045
1081347 125.5 1.31e-09 0.983
1081348 126.0 1.227e-09 0.882
1081349 126.5 1.15e-09 0.848
1081350 127.0 1.077e-09 0.953
1081351 127.5 1.009e-09 0.925
1081352 128.0 9.451e-10 1.075
1081353 128.5 8.854e-10 0.948
1081354 129.0 8.295e-10 1.16
1081355 129.5 7.772e-10 1.275
1081356 130.0 7.281e-10 1.263
1081357 130.5 6.839e-10 1.51
1081358 131.0 6.437e-10 1.492
1081359 131.5 6.059e-10 1.481
1081360 132.0 5.703e-10 1.343
1081361 132.5 5.368e-10 1.291
1081362 133.0 5.053e-10 1.106
1081363 133.5 4.757e-10 1.061
1081364 134.0 4.478e-10 0.982
1081365 134.5 4.215e-10 1.075
1081366 135.0 3.968e-10 1.009
1081367 135.5 3.739e-10 0.996
1081368 136.0 3.527e-10 1.003
1081369 136.5 3.327e-10 1.183
1081370 137.0 3.139e-10 1.075
1081371 137.5 2.961e-10 0.961
1081372 138.0 2.793e-10 1.018
1081373 138.5 2.635e-10 1.253
1081374 139.0 2.485e-10 1.131
1081375 139.5 2.344e-10 0.924
1081376 140.0 2.212e-10 1.058
1081377 140.5 2.089e-10 1.108
1081378 141.0 1.976e-10 1.159
1081379 141.5 1.869e-10 1.282
1081380 142.0 1.768e-10 1.252
1081381 142.5 1.672e-10 1.261
1081382 143.0 1.582e-10 1.103
1081383 143.5 1.496e-10 1.312
1081384 144.0 1.415e-10 1.378
1081385 144.5 1.339e-10 1.158
1081386 145.0 1.266e-10 1.184
1081387 145.5 1.199e-10 1.21
1081388 146.0 1.137e-10 0.98
1081389 146.5 1.078e-10 0.911
1081390 147.0 1.022e-10 0.86
1081391 147.5 9.686e-11 0.991
1081392 148.0 9.182e-11 1.07
1081393 148.5 8.705e-11 0.954
1081394 149.0 8.252e-11 1.272
1081395 149.5 7.823e-11 1.467
1081396 150.0 7.416e-11 1.457
1081397 150.5 7.037e-11 1.485
1081398 151.0 6.681e-11 1.218
1081399 151.5 6.344e-11 1.147
1081400 152.0 6.023e-11 0.937
1081401 152.5 5.719e-11 0.989
1081402 153.0 5.43e-11 0.784
1081403 153.5 5.156e-11 0.814
1081404 154.0 4.896e-11 0.73
1081405 154.5 4.649e-11 0.804
1081406 155.0 4.414e-11 0.754
1081407 155.5 4.194e-11 0.688
1081408 156.0 3.987e-11 0.827
1081409 156.5 3.79e-11 0.619
1081410 157.0 3.603e-11 0.821
1081411 157.5 3.425e-11 0.982
1081412 158.0 3.256e-11 0.806
1081413 158.5 3.095e-11 0.86
1081414 159.0 2.942e-11 0.578
1081415 159.5 2.797e-11 0.637
1081416 160.0 2.659e-11 0.59
1081417 160.5 2.531e-11 0.546
1081418 161.0 2.41e-11 0.727
1081419 161.5 2.295e-11 0.848
1081420 162.0 2.185e-11 0.87
1081421 162.5 2.081e-11 1.093
1081422 163.0 1.982e-11 0.991
1081423 163.5 1.887e-11 1.008
1081424 164.0 1.797e-11 1.177
1081425 164.5 1.712e-11 1.124
1081426 165.0 1.63e-11 1.091
1081427 165.5 1.554e-11 1.01
1081428 166.0 1.482e-11 0.867
1081429 166.5 1.414e-11 0.956
1081430 167.0 1.348e-11 0.905
1081431 167.5 1.286e-11 0.929
1081432 168.0 1.227e-11 0.983
1081433 168.5 1.17e-11 0.936
1081434 169.0 1.116e-11 1.137
1081435 169.5 1.065e-11 1.265
1081436 170.0 1.016e-11 1.298
1081437 170.5 9.699e-12 1.089
1081438 171.0 9.269e-12 1.216
1081439 171.5 8.858e-12 1.205
1081440 172.0 8.466e-12 1.272
1081441 172.5 8.092e-12 1.146
1081442 173.0 7.734e-12 1.179
1081443 173.5 7.393e-12 1.168
1081444 174.0 7.067e-12 1.306
1081445 174.5 6.755e-12 1.255
1081446 175.0 6.457e-12 1.163
1081447 175.5 6.178e-12 0.95
1081448 176.0 5.915e-12 0.917
1081449 176.5 5.663e-12 0.849
1081450 177.0 5.422e-12 0.645
1081451 177.5 5.191e-12 0.806
1081452 178.0 4.97e-12 0.722
1081453 178.5 4.759e-12 0.828
1081454 179.0 4.557e-12 0.836
1081455 179.5 4.364e-12 0.875
1081456 180.0 4.179e-12 0.916
1081457 180.5 4.008e-12 0.96
1081458 181.0 3.85e-12 0.984
1081459 181.5 3.697e-12 1.042
1081460 182.0 3.551e-12 1.044
1081461 182.5 3.41e-12 1.219
1081462 183.0 3.276e-12 1.372
1081463 183.5 3.146e-12 1.549
1081464 184.0 3.022e-12 1.492
1081465 184.5 2.903e-12 1.585
1081466 185.0 2.788e-12 1.502
1081467 185.5 2.678e-12 1.792
1081468 186.0 2.574e-12 1.617
1081469 186.5 2.473e-12 1.281
1081470 187.0 2.377e-12 1.35
1081471 187.5 2.284e-12 1.286
1081472 188.0 2.195e-12 1.168
1081473 188.5 2.109e-12 1.488
1081474 189.0 2.027e-12 1.594
1081475 189.5 1.948e-12 1.307
1081476 190.0 1.873e-12 0.953
1081477 190.5 1.801e-12 0.956
1081478 191.0 1.734e-12 0.649
1081479 191.5 1.669e-12 0.75
1081480 192.0 1.606e-12 0.707
1081481 192.5 1.546e-12 0.854
1081482 193.0 1.488e-12 0.779
1081483 193.5 1.433e-12 0.84
1081484 194.0 1.379e-12 0.762
1081485 194.5 1.328e-12 0.704
1081486 195.0 1.278e-12 0.675
1081487 195.5 1.232e-12 0.381
1081488 196.0 1.188e-12 0.504
1081489 196.5 1.146e-12 0.576
1081490 197.0 1.105e-12 0.527
1081491 197.5 1.066e-12 0.597
1081492 198.0 1.028e-12 0.668
1081493 198.5 9.921e-13 0.614
1081494 199.0 9.57e-13 0.467
1081495 199.5 9.232e-13 0.509
1081496 200.0 8.906e-13 0.561
