 HgtMOLA Denkgm3 DensP
1266759 0.0 0.01466 1.02
1266760 0.5 0.01394 1.026
1266761 1.0 0.01327 1.022
1266762 1.5 0.01274 1.028
1266763 2.0 0.01223 1.031
1266764 2.5 0.01171 1.029
1266765 3.0 0.01122 1.032
1266766 3.5 0.01073 1.024
1266767 4.0 0.01027 1.034
1266768 4.5 0.00982 1.037
1266769 5.0 0.009393 1.041
1266770 5.5 0.008985 1.046
1266771 6.0 0.008594 1.044
1266772 6.5 0.008223 1.046
1266773 7.0 0.007868 1.059
1266774 7.5 0.00753 1.075
1266775 8.0 0.007206 1.068
1266776 8.5 0.006897 1.068
1266777 9.0 0.006602 1.057
1266778 9.5 0.006318 1.05
1266779 10.0 0.006047 1.044
1266780 10.5 0.005785 1.054
1266781 11.0 0.005535 1.062
1266782 11.5 0.005295 1.078
1266783 12.0 0.005067 1.08
1266784 12.5 0.004848 1.083
1266785 13.0 0.004639 1.087
1266786 13.5 0.004439 1.073
1266787 14.0 0.004248 1.081
1266788 14.5 0.004065 1.084
1266789 15.0 0.003891 1.079
1266790 15.5 0.003712 1.076
1266791 16.0 0.003541 1.07
1266792 16.5 0.003379 1.072
1266793 17.0 0.003224 1.079
1266794 17.5 0.003076 1.074
1266795 18.0 0.002935 1.068
1266796 18.5 0.002801 1.059
1266797 19.0 0.002672 1.058
1266798 19.5 0.00255 1.046
1266799 20.0 0.002434 1.068
1266800 20.5 0.002313 1.055
1266801 21.0 0.002198 1.042
1266802 21.5 0.002089 1.043
1266803 22.0 0.001985 1.037
1266804 22.5 0.001887 1.047
1266805 23.0 0.001793 1.054
1266806 23.5 0.001704 1.073
1266807 24.0 0.00162 1.065
1266808 24.5 0.00154 1.057
1266809 25.0 0.001464 1.07
1266810 25.5 0.001386 1.069
1266811 26.0 0.001313 1.074
1266812 26.5 0.001244 1.062
1266813 27.0 0.001178 1.059
1266814 27.5 0.001116 1.056
1266815 28.0 0.001057 1.049
1266816 28.5 0.001001 1.04
1266817 29.0 0.0009483 1.035
1266818 29.5 0.0008984 1.036
1266819 30.0 0.000851 1.018
1266820 30.5 0.0008045 1.034
1266821 31.0 0.0007606 1.037
1266822 31.5 0.0007191 1.031
1266823 32.0 0.0006798 1.044
1266824 32.5 0.0006427 1.02
1266825 33.0 0.0006077 1.024
1266826 33.5 0.0005745 1.012
1266827 34.0 0.0005432 1.017
1266828 34.5 0.0005136 1.044
1266829 35.0 0.0004856 1.022
1266830 35.5 0.0004579 1.03
1266831 36.0 0.0004319 1.027
1266832 36.5 0.0004073 1.045
1266833 37.0 0.0003842 1.029
1266834 37.5 0.0003624 1.034
1266835 38.0 0.0003419 1.081
1266836 38.5 0.0003226 1.089
1266837 39.0 0.0003043 1.063
1266838 39.5 0.0002872 1.07
1266839 40.0 0.000271 1.06
1266840 40.5 0.000254 1.07
1266841 41.0 0.0002381 1.049
1266842 41.5 0.0002232 1.034
1266843 42.0 0.0002093 1.028
1266844 42.5 0.0001962 1.031
1266845 43.0 0.000184 1.006
1266846 43.5 0.0001725 0.997
1266847 44.0 0.0001618 1.006
1266848 44.5 0.0001517 1.005
1266849 45.0 0.0001423 1.006
1266850 45.5 0.0001322 1.009
1266851 46.0 0.0001228 1.02
1266852 46.5 0.0001141 0.974
1266853 47.0 0.000106 0.986
1266854 47.5 9.848e-05 0.962
1266855 48.0 9.15e-05 0.984
1266856 48.5 8.501e-05 1.011
1266857 49.0 7.899e-05 1.05
1266858 49.5 7.339e-05 1.096
1266859 50.0 6.82e-05 1.102
1266860 50.5 6.294e-05 1.081
1266861 51.0 5.809e-05 1.072
1266862 51.5 5.362e-05 1.071
1266863 52.0 4.949e-05 1.075
1266864 52.5 4.568e-05 1.076
1266865 53.0 4.216e-05 1.091
1266866 53.5 3.892e-05 1.108
1266867 54.0 3.592e-05 1.088
1266868 54.5 3.316e-05 1.126
1266869 55.0 3.061e-05 1.141
1266870 55.5 2.859e-05 1.175
1266871 56.0 2.67e-05 1.2
1266872 56.5 2.494e-05 1.206
1266873 57.0 2.33e-05 1.249
1266874 57.5 2.177e-05 1.234
1266875 58.0 2.033e-05 1.203
1266876 58.5 1.899e-05 1.165
1266877 59.0 1.774e-05 1.181
1266878 59.5 1.657e-05 1.172
1266879 60.0 1.548e-05 1.114
1266880 60.5 1.454e-05 1.128
1266881 61.0 1.366e-05 1.142
1266882 61.5 1.283e-05 1.14
1266883 62.0 1.205e-05 1.218
1266884 62.5 1.132e-05 1.184
1266885 63.0 1.064e-05 1.155
1266886 63.5 9.99e-06 1.128
1266887 64.0 9.385e-06 1.122
1266888 64.5 8.816e-06 1.128
1266889 65.0 8.297e-06 1.173
1266890 65.5 7.774e-06 1.148
1266891 66.0 7.285e-06 1.123
1266892 66.5 6.827e-06 1.12
1266893 67.0 6.398e-06 1.031
1266894 67.5 5.996e-06 0.988
1266895 68.0 5.619e-06 1.026
1266896 68.5 5.267e-06 1.101
1266897 69.0 4.936e-06 1.096
1266898 69.5 4.627e-06 1.091
1266899 70.0 4.352e-06 1.12
1266900 70.5 4.07e-06 1.119
1266901 71.0 3.806e-06 1.148
1266902 71.5 3.559e-06 1.09
1266903 72.0 3.328e-06 1.069
1266904 72.5 3.112e-06 1.047
1266905 73.0 2.911e-06 1.1
1266906 73.5 2.722e-06 1.16
1266907 74.0 2.546e-06 1.099
1266908 74.5 2.381e-06 1.093
1266909 75.0 2.226e-06 1.124
1266910 75.5 2.07e-06 1.208
1266911 76.0 1.925e-06 1.179
1266912 76.5 1.791e-06 1.208
1266913 77.0 1.666e-06 1.191
1266914 77.5 1.551e-06 1.174
1266915 78.0 1.444e-06 1.218
1266916 78.5 1.345e-06 1.236
1266917 79.0 1.253e-06 1.315
1266918 79.5 1.168e-06 1.303
1266919 80.0 1.089e-06 1.291
1266920 80.5 1.017e-06 1.308
1266921 81.0 9.512e-07 1.245
1266922 81.5 8.895e-07 1.277
1266923 82.0 8.319e-07 1.282
1266924 82.5 7.78e-07 1.335
1266925 83.0 7.276e-07 1.301
1266926 83.5 6.805e-07 1.249
1266927 84.0 6.364e-07 1.372
1266928 84.5 5.953e-07 1.263
1266929 85.0 5.568e-07 1.264
1266930 85.5 5.2e-07 1.309
1266931 86.0 4.85e-07 1.333
1266932 86.5 4.524e-07 1.422
1266933 87.0 4.22e-07 1.275
1266934 87.5 3.936e-07 1.131
1266935 88.0 3.672e-07 1.129
1266936 88.5 3.425e-07 1.078
1266937 89.0 3.195e-07 1.076
1266938 89.5 2.981e-07 1.098
1266939 90.0 2.781e-07 1.177
1266940 90.5 2.589e-07 1.143
1266941 91.0 2.407e-07 1.115
1266942 91.5 2.237e-07 1.075
1266943 92.0 2.08e-07 1.088
1266944 92.5 1.933e-07 1.072
1266945 93.0 1.797e-07 0.958
1266946 93.5 1.67e-07 1.135
1266947 94.0 1.553e-07 1.271
1266948 94.5 1.444e-07 1.156
1266949 95.0 1.342e-07 1.052
1266950 95.5 1.246e-07 1.067
1266951 96.0 1.155e-07 1.023
1266952 96.5 1.071e-07 1.033
1266953 97.0 9.93e-08 1.065
1266954 97.5 9.207e-08 1.179
1266955 98.0 8.538e-08 1.295
1266956 98.5 7.917e-08 1.309
1266957 99.0 7.341e-08 1.257
1266958 99.5 6.808e-08 1.209
1266959 100.0 6.314e-08 1.259
1266960 100.5 5.852e-08 1.271
1266961 101.0 5.421e-08 1.14
1266962 101.5 5.022e-08 1.225
1266963 102.0 4.652e-08 1.169
1266964 102.5 4.31e-08 1.157
1266965 103.0 3.992e-08 1.182
1266966 103.5 3.698e-08 1.203
1266967 104.0 3.426e-08 1.073
1266968 104.5 3.174e-08 1.118
1266969 105.0 2.94e-08 1.32
1266970 105.5 2.719e-08 1.301
1266971 106.0 2.511e-08 1.396
1266972 106.5 2.318e-08 1.357
1266973 107.0 2.141e-08 1.445
1266974 107.5 1.977e-08 1.608
1266975 108.0 1.825e-08 1.389
1266976 108.5 1.686e-08 1.33
1266977 109.0 1.557e-08 1.377
1266978 109.5 1.438e-08 1.374
1266979 110.0 1.328e-08 1.334
1266980 110.5 1.226e-08 1.284
1266981 111.0 1.131e-08 1.277
1266982 111.5 1.043e-08 1.444
1266983 112.0 9.628e-09 1.28
1266984 112.5 8.885e-09 1.141
1266985 113.0 8.199e-09 1.128
1266986 113.5 7.566e-09 1.076
1266987 114.0 6.983e-09 0.868
1266988 114.5 6.444e-09 0.707
1266989 115.0 5.947e-09 0.748
1266990 115.5 5.508e-09 0.695
1266991 116.0 5.115e-09 0.644
1266992 116.5 4.751e-09 0.559
1266993 117.0 4.413e-09 0.556
1266994 117.5 4.1e-09 0.617
1266995 118.0 3.809e-09 0.577
1266996 118.5 3.538e-09 0.547
1266997 119.0 3.288e-09 0.566
1266998 119.5 3.055e-09 0.513
1266999 120.0 2.839e-09 0.569
1267000 120.5 2.642e-09 0.351
1267001 121.0 2.462e-09 0.619
1267002 121.5 2.294e-09 0.72
1267003 122.0 2.138e-09 0.852
1267004 122.5 1.992e-09 0.87
1267005 123.0 1.857e-09 0.823
1267006 123.5 1.731e-09 0.781
1267007 124.0 1.613e-09 0.993
1267008 124.5 1.504e-09 0.955
1267009 125.0 1.402e-09 1.09
1267010 125.5 1.31e-09 1.024
1267011 126.0 1.227e-09 1.093
1267012 126.5 1.15e-09 0.987
1267013 127.0 1.077e-09 1.034
1267014 127.5 1.009e-09 0.899
1267015 128.0 9.451e-10 0.822
1267016 128.5 8.854e-10 0.896
1267017 129.0 8.295e-10 0.768
1267018 129.5 7.772e-10 0.615
1267019 130.0 7.281e-10 0.571
1267020 130.5 6.839e-10 0.64
1267021 131.0 6.437e-10 0.645
1267022 131.5 6.059e-10 0.633
1267023 132.0 5.703e-10 0.484
1267024 132.5 5.368e-10 0.37
1267025 133.0 5.053e-10 0.433
1267026 133.5 4.757e-10 0.634
1267027 134.0 4.478e-10 0.585
1267028 134.5 4.215e-10 0.696
1267029 135.0 3.968e-10 0.691
1267030 135.5 3.739e-10 0.684
1267031 136.0 3.527e-10 0.792
1267032 136.5 3.327e-10 0.75
1267033 137.0 3.139e-10 0.599
1267034 137.5 2.961e-10 0.649
1267035 138.0 2.793e-10 0.62
1267036 138.5 2.635e-10 0.558
1267037 139.0 2.485e-10 0.462
1267038 139.5 2.344e-10 0.51
1267039 140.0 2.212e-10 0.722
1267040 140.5 2.089e-10 0.766
1267041 141.0 1.976e-10 0.644
1267042 141.5 1.869e-10 0.595
1267043 142.0 1.768e-10 0.838
1267044 142.5 1.672e-10 0.563
1267045 143.0 1.582e-10 0.554
1267046 143.5 1.496e-10 0.496
1267047 144.0 1.415e-10 0.564
1267048 144.5 1.339e-10 0.463
1267049 145.0 1.266e-10 0.542
1267050 145.5 1.199e-10 0.484
1267051 146.0 1.137e-10 0.446
1267052 146.5 1.078e-10 0.519
1267053 147.0 1.022e-10 0.6
1267054 147.5 9.686e-11 0.486
1267055 148.0 9.182e-11 0.638
1267056 148.5 8.705e-11 0.763
1267057 149.0 8.252e-11 0.716
1267058 149.5 7.823e-11 0.55
1267059 150.0 7.416e-11 0.366
1267060 150.5 7.037e-11 0.495
1267061 151.0 6.681e-11 0.604
1267062 151.5 6.344e-11 0.831
1267063 152.0 6.023e-11 0.836
1267064 152.5 5.719e-11 0.977
1267065 153.0 5.43e-11 1.144
1267066 153.5 5.156e-11 1.28
1267067 154.0 4.896e-11 1.367
1267068 154.5 4.649e-11 1.212
1267069 155.0 4.414e-11 1.117
1267070 155.5 4.194e-11 1.007
1267071 156.0 3.987e-11 1.02
1267072 156.5 3.79e-11 1.116
1267073 157.0 3.603e-11 1.099
1267074 157.5 3.425e-11 1.168
1267075 158.0 3.256e-11 1.262
1267076 158.5 3.095e-11 1.46
1267077 159.0 2.942e-11 1.145
1267078 159.5 2.797e-11 1.181
1267079 160.0 2.659e-11 1.263
1267080 160.5 2.531e-11 0.969
1267081 161.0 2.41e-11 1.165
1267082 161.5 2.295e-11 1.178
1267083 162.0 2.185e-11 1.144
1267084 162.5 2.081e-11 1.301
1267085 163.0 1.982e-11 1.266
1267086 163.5 1.887e-11 1.39
1267087 164.0 1.797e-11 1.521
1267088 164.5 1.712e-11 1.634
1267089 165.0 1.63e-11 1.248
1267090 165.5 1.554e-11 1.491
1267091 166.0 1.482e-11 1.255
1267092 166.5 1.414e-11 1.208
1267093 167.0 1.348e-11 1.2
1267094 167.5 1.286e-11 1.18
1267095 168.0 1.227e-11 1.452
1267096 168.5 1.17e-11 1.442
1267097 169.0 1.116e-11 1.312
1267098 169.5 1.065e-11 1.264
1267099 170.0 1.016e-11 1.56
1267100 170.5 9.699e-12 1.62
1267101 171.0 9.269e-12 1.592
1267102 171.5 8.858e-12 1.241
1267103 172.0 8.466e-12 1.242
1267104 172.5 8.092e-12 0.969
1267105 173.0 7.734e-12 0.975
1267106 173.5 7.393e-12 1.211
1267107 174.0 7.067e-12 1.064
1267108 174.5 6.755e-12 0.823
1267109 175.0 6.457e-12 0.694
1267110 175.5 6.178e-12 0.548
1267111 176.0 5.915e-12 0.498
1267112 176.5 5.663e-12 0.538
1267113 177.0 5.422e-12 0.616
1267114 177.5 5.191e-12 0.58
1267115 178.0 4.97e-12 0.6
1267116 178.5 4.759e-12 0.467
1267117 179.0 4.557e-12 0.595
1267118 179.5 4.364e-12 0.732
1267119 180.0 4.179e-12 0.902
1267120 180.5 4.008e-12 0.671
1267121 181.0 3.85e-12 0.649
1267122 181.5 3.697e-12 0.812
1267123 182.0 3.551e-12 0.939
1267124 182.5 3.41e-12 1.035
1267125 183.0 3.276e-12 1.0
1267126 183.5 3.146e-12 1.079
1267127 184.0 3.022e-12 1.09
1267128 184.5 2.903e-12 0.811
1267129 185.0 2.788e-12 0.65
1267130 185.5 2.678e-12 0.624
1267131 186.0 2.574e-12 0.646
1267132 186.5 2.473e-12 0.722
1267133 187.0 2.377e-12 0.651
1267134 187.5 2.284e-12 0.651
1267135 188.0 2.195e-12 0.504
1267136 188.5 2.109e-12 0.417
1267137 189.0 2.027e-12 0.259
1267138 189.5 1.948e-12 0.515
1267139 190.0 1.873e-12 0.746
1267140 190.5 1.801e-12 0.814
1267141 191.0 1.734e-12 1.058
1267142 191.5 1.669e-12 0.966
1267143 192.0 1.606e-12 1.205
1267144 192.5 1.546e-12 1.16
1267145 193.0 1.488e-12 0.836
1267146 193.5 1.433e-12 0.713
1267147 194.0 1.379e-12 1.108
1267148 194.5 1.328e-12 1.087
1267149 195.0 1.278e-12 1.273
1267150 195.5 1.232e-12 1.128
1267151 196.0 1.188e-12 0.915
1267152 196.5 1.146e-12 0.768
1267153 197.0 1.105e-12 0.786
1267154 197.5 1.066e-12 0.927
1267155 198.0 1.028e-12 0.891
1267156 198.5 9.921e-13 0.937
1267157 199.0 9.57e-13 0.951
1267158 199.5 9.232e-13 1.018
1267159 200.0 8.906e-13 0.959
