 HgtMOLA Denkgm3 DensP
1428362 0.0 0.01466 1.013
1428363 0.5 0.01394 1.006
1428364 1.0 0.01327 1.009
1428365 1.5 0.01274 0.994
1428366 2.0 0.01223 0.995
1428367 2.5 0.01171 1.001
1428368 3.0 0.01122 1.006
1428369 3.5 0.01073 1.016
1428370 4.0 0.01027 1.013
1428371 4.5 0.00982 1.015
1428372 5.0 0.009393 1.008
1428373 5.5 0.008985 1.004
1428374 6.0 0.008594 0.999
1428375 6.5 0.008223 0.998
1428376 7.0 0.007868 0.998
1428377 7.5 0.00753 0.997
1428378 8.0 0.007206 1.003
1428379 8.5 0.006897 1.001
1428380 9.0 0.006602 0.995
1428381 9.5 0.006318 0.996
1428382 10.0 0.006047 0.987
1428383 10.5 0.005785 0.985
1428384 11.0 0.005535 1.001
1428385 11.5 0.005295 1.004
1428386 12.0 0.005067 0.988
1428387 12.5 0.004848 0.991
1428388 13.0 0.004639 0.977
1428389 13.5 0.004439 0.974
1428390 14.0 0.004248 0.992
1428391 14.5 0.004065 0.987
1428392 15.0 0.003891 0.982
1428393 15.5 0.003712 0.979
1428394 16.0 0.003541 0.984
1428395 16.5 0.003379 0.99
1428396 17.0 0.003224 0.975
1428397 17.5 0.003076 0.951
1428398 18.0 0.002935 0.954
1428399 18.5 0.002801 0.958
1428400 19.0 0.002672 0.945
1428401 19.5 0.00255 0.942
1428402 20.0 0.002434 0.952
1428403 20.5 0.002313 0.976
1428404 21.0 0.002198 1.006
1428405 21.5 0.002089 1.006
1428406 22.0 0.001985 0.997
1428407 22.5 0.001887 1.006
1428408 23.0 0.001793 1.005
1428409 23.5 0.001704 1.007
1428410 24.0 0.00162 1.015
1428411 24.5 0.00154 1.011
1428412 25.0 0.001464 1.003
1428413 25.5 0.001386 0.989
1428414 26.0 0.001313 0.99
1428415 26.5 0.001244 0.996
1428416 27.0 0.001178 1.024
1428417 27.5 0.001116 1.026
1428418 28.0 0.001057 1.035
1428419 28.5 0.001001 1.039
1428420 29.0 0.0009483 1.025
1428421 29.5 0.0008984 1.037
1428422 30.0 0.000851 1.052
1428423 30.5 0.0008045 1.073
1428424 31.0 0.0007606 1.076
1428425 31.5 0.0007191 1.065
1428426 32.0 0.0006798 1.06
1428427 32.5 0.0006427 1.048
1428428 33.0 0.0006077 1.067
1428429 33.5 0.0005745 1.055
1428430 34.0 0.0005432 1.046
1428431 34.5 0.0005136 1.04
1428432 35.0 0.0004856 1.029
1428433 35.5 0.0004579 1.012
1428434 36.0 0.0004319 1.017
1428435 36.5 0.0004073 0.988
1428436 37.0 0.0003842 0.992
1428437 37.5 0.0003624 1.011
1428438 38.0 0.0003419 0.985
1428439 38.5 0.0003226 0.975
1428440 39.0 0.0003043 0.957
1428441 39.5 0.0002872 0.973
1428442 40.0 0.000271 1.021
1428443 40.5 0.000254 1.026
1428444 41.0 0.0002381 0.999
1428445 41.5 0.0002232 1.005
1428446 42.0 0.0002093 1.0
1428447 42.5 0.0001962 0.998
1428448 43.0 0.000184 0.993
1428449 43.5 0.0001725 0.974
1428450 44.0 0.0001618 0.98
1428451 44.5 0.0001517 0.979
1428452 45.0 0.0001423 0.967
1428453 45.5 0.0001322 0.963
1428454 46.0 0.0001228 0.979
1428455 46.5 0.0001141 0.985
1428456 47.0 0.000106 0.987
1428457 47.5 9.848e-05 0.992
1428458 48.0 9.15e-05 1.022
1428459 48.5 8.501e-05 0.999
1428460 49.0 7.899e-05 1.031
1428461 49.5 7.339e-05 1.02
1428462 50.0 6.82e-05 1.044
1428463 50.5 6.294e-05 1.019
1428464 51.0 5.809e-05 1.013
1428465 51.5 5.362e-05 1.007
1428466 52.0 4.949e-05 1.033
1428467 52.5 4.568e-05 1.031
1428468 53.0 4.216e-05 1.09
1428469 53.5 3.892e-05 1.069
1428470 54.0 3.592e-05 0.997
1428471 54.5 3.316e-05 1.036
1428472 55.0 3.061e-05 1.011
1428473 55.5 2.859e-05 0.994
1428474 56.0 2.67e-05 0.977
1428475 56.5 2.494e-05 1.033
1428476 57.0 2.33e-05 1.013
1428477 57.5 2.177e-05 1.03
1428478 58.0 2.033e-05 1.009
1428479 58.5 1.899e-05 1.007
1428480 59.0 1.774e-05 0.972
1428481 59.5 1.657e-05 0.99
1428482 60.0 1.548e-05 0.942
1428483 60.5 1.454e-05 0.995
1428484 61.0 1.366e-05 0.998
1428485 61.5 1.283e-05 1.027
1428486 62.0 1.205e-05 1.013
1428487 62.5 1.132e-05 0.987
1428488 63.0 1.064e-05 1.01
1428489 63.5 9.99e-06 1.101
1428490 64.0 9.385e-06 1.13
1428491 64.5 8.816e-06 1.155
1428492 65.0 8.297e-06 1.178
1428493 65.5 7.774e-06 1.185
1428494 66.0 7.285e-06 1.196
1428495 66.5 6.827e-06 1.149
1428496 67.0 6.398e-06 1.096
1428497 67.5 5.996e-06 1.145
1428498 68.0 5.619e-06 1.154
1428499 68.5 5.267e-06 1.121
1428500 69.0 4.936e-06 1.117
1428501 69.5 4.627e-06 1.039
1428502 70.0 4.352e-06 1.039
1428503 70.5 4.07e-06 1.028
1428504 71.0 3.806e-06 0.984
1428505 71.5 3.559e-06 1.024
1428506 72.0 3.328e-06 0.974
1428507 72.5 3.112e-06 0.913
1428508 73.0 2.911e-06 0.964
1428509 73.5 2.722e-06 1.05
1428510 74.0 2.546e-06 1.136
1428511 74.5 2.381e-06 1.064
1428512 75.0 2.226e-06 1.119
1428513 75.5 2.07e-06 1.199
1428514 76.0 1.925e-06 1.16
1428515 76.5 1.791e-06 1.121
1428516 77.0 1.666e-06 1.11
1428517 77.5 1.551e-06 1.09
1428518 78.0 1.444e-06 1.1
1428519 78.5 1.345e-06 1.012
1428520 79.0 1.253e-06 1.012
1428521 79.5 1.168e-06 1.043
1428522 80.0 1.089e-06 1.129
1428523 80.5 1.017e-06 1.149
1428524 81.0 9.512e-07 1.122
1428525 81.5 8.895e-07 1.193
1428526 82.0 8.319e-07 1.165
1428527 82.5 7.78e-07 1.148
1428528 83.0 7.276e-07 1.075
1428529 83.5 6.805e-07 1.177
1428530 84.0 6.364e-07 1.162
1428531 84.5 5.953e-07 1.04
1428532 85.0 5.568e-07 1.154
1428533 85.5 5.2e-07 1.19
1428534 86.0 4.85e-07 1.126
1428535 86.5 4.524e-07 1.201
1428536 87.0 4.22e-07 1.239
1428537 87.5 3.936e-07 1.295
1428538 88.0 3.672e-07 1.358
1428539 88.5 3.425e-07 1.382
1428540 89.0 3.195e-07 1.451
1428541 89.5 2.981e-07 1.435
1428542 90.0 2.781e-07 1.488
1428543 90.5 2.589e-07 1.541
1428544 91.0 2.407e-07 1.537
1428545 91.5 2.237e-07 1.475
1428546 92.0 2.08e-07 1.49
1428547 92.5 1.933e-07 1.652
1428548 93.0 1.797e-07 1.47
1428549 93.5 1.67e-07 1.572
1428550 94.0 1.553e-07 1.464
1428551 94.5 1.444e-07 1.354
1428552 95.0 1.342e-07 1.312
1428553 95.5 1.246e-07 1.291
1428554 96.0 1.155e-07 1.256
1428555 96.5 1.071e-07 1.215
1428556 97.0 9.93e-08 1.237
1428557 97.5 9.207e-08 1.228
1428558 98.0 8.538e-08 1.081
1428559 98.5 7.917e-08 1.038
1428560 99.0 7.341e-08 1.116
1428561 99.5 6.808e-08 1.191
1428562 100.0 6.314e-08 1.026
1428563 100.5 5.852e-08 1.135
1428564 101.0 5.421e-08 1.149
1428565 101.5 5.022e-08 1.259
1428566 102.0 4.652e-08 1.304
1428567 102.5 4.31e-08 1.353
1428568 103.0 3.992e-08 1.292
1428569 103.5 3.698e-08 1.365
1428570 104.0 3.426e-08 1.314
1428571 104.5 3.174e-08 1.282
1428572 105.0 2.94e-08 1.211
1428573 105.5 2.719e-08 1.244
1428574 106.0 2.511e-08 1.395
1428575 106.5 2.318e-08 1.289
1428576 107.0 2.141e-08 1.256
1428577 107.5 1.977e-08 1.191
1428578 108.0 1.825e-08 1.21
1428579 108.5 1.686e-08 0.953
1428580 109.0 1.557e-08 0.752
1428581 109.5 1.438e-08 0.701
1428582 110.0 1.328e-08 0.757
1428583 110.5 1.226e-08 0.816
1428584 111.0 1.131e-08 0.726
1428585 111.5 1.043e-08 0.983
1428586 112.0 9.628e-09 0.937
1428587 112.5 8.885e-09 1.055
1428588 113.0 8.199e-09 1.161
1428589 113.5 7.566e-09 1.015
1428590 114.0 6.983e-09 0.937
1428591 114.5 6.444e-09 1.014
1428592 115.0 5.947e-09 1.089
1428593 115.5 5.508e-09 1.103
1428594 116.0 5.115e-09 1.266
1428595 116.5 4.751e-09 1.494
1428596 117.0 4.413e-09 1.478
1428597 117.5 4.1e-09 1.513
1428598 118.0 3.809e-09 1.6
1428599 118.5 3.538e-09 1.35
1428600 119.0 3.288e-09 1.377
1428601 119.5 3.055e-09 1.337
1428602 120.0 2.839e-09 1.306
1428603 120.5 2.642e-09 1.277
1428604 121.0 2.462e-09 1.282
1428605 121.5 2.294e-09 1.336
1428606 122.0 2.138e-09 1.301
1428607 122.5 1.992e-09 1.183
1428608 123.0 1.857e-09 1.049
1428609 123.5 1.731e-09 1.072
1428610 124.0 1.613e-09 1.015
1428611 124.5 1.504e-09 0.922
1428612 125.0 1.402e-09 0.745
1428613 125.5 1.31e-09 0.674
1428614 126.0 1.227e-09 0.501
1428615 126.5 1.15e-09 0.453
1428616 127.0 1.077e-09 0.489
1428617 127.5 1.009e-09 0.704
1428618 128.0 9.451e-10 0.634
1428619 128.5 8.854e-10 0.785
1428620 129.0 8.295e-10 0.885
1428621 129.5 7.772e-10 0.845
1428622 130.0 7.281e-10 0.943
1428623 130.5 6.839e-10 0.777
1428624 131.0 6.437e-10 0.887
1428625 131.5 6.059e-10 0.766
1428626 132.0 5.703e-10 0.644
1428627 132.5 5.368e-10 0.387
1428628 133.0 5.053e-10 0.424
1428629 133.5 4.757e-10 0.624
1428630 134.0 4.478e-10 0.678
1428631 134.5 4.215e-10 0.757
1428632 135.0 3.968e-10 0.794
1428633 135.5 3.739e-10 0.943
1428634 136.0 3.527e-10 0.945
1428635 136.5 3.327e-10 0.883
1428636 137.0 3.139e-10 0.766
1428637 137.5 2.961e-10 0.873
1428638 138.0 2.793e-10 0.796
1428639 138.5 2.635e-10 0.842
1428640 139.0 2.485e-10 0.726
1428641 139.5 2.344e-10 0.85
1428642 140.0 2.212e-10 1.105
1428643 140.5 2.089e-10 1.243
1428644 141.0 1.976e-10 1.449
1428645 141.5 1.869e-10 1.332
1428646 142.0 1.768e-10 1.389
1428647 142.5 1.672e-10 1.454
1428648 143.0 1.582e-10 1.489
1428649 143.5 1.496e-10 1.339
1428650 144.0 1.415e-10 1.461
1428651 144.5 1.339e-10 1.577
1428652 145.0 1.266e-10 1.457
1428653 145.5 1.199e-10 1.166
1428654 146.0 1.137e-10 1.111
1428655 146.5 1.078e-10 0.966
1428656 147.0 1.022e-10 1.09
1428657 147.5 9.686e-11 1.309
1428658 148.0 9.182e-11 1.276
1428659 148.5 8.705e-11 1.277
1428660 149.0 8.252e-11 1.306
1428661 149.5 7.823e-11 1.169
1428662 150.0 7.416e-11 0.983
1428663 150.5 7.037e-11 1.193
1428664 151.0 6.681e-11 1.027
1428665 151.5 6.344e-11 0.89
1428666 152.0 6.023e-11 0.968
1428667 152.5 5.719e-11 1.037
1428668 153.0 5.43e-11 0.965
1428669 153.5 5.156e-11 1.152
1428670 154.0 4.896e-11 1.343
1428671 154.5 4.649e-11 1.268
1428672 155.0 4.414e-11 1.259
1428673 155.5 4.194e-11 1.211
1428674 156.0 3.987e-11 1.07
1428675 156.5 3.79e-11 1.094
1428676 157.0 3.603e-11 1.254
1428677 157.5 3.425e-11 1.149
1428678 158.0 3.256e-11 1.171
1428679 158.5 3.095e-11 0.904
1428680 159.0 2.942e-11 0.789
1428681 159.5 2.797e-11 0.741
1428682 160.0 2.659e-11 0.756
1428683 160.5 2.531e-11 0.843
1428684 161.0 2.41e-11 0.751
1428685 161.5 2.295e-11 0.757
1428686 162.0 2.185e-11 0.755
1428687 162.5 2.081e-11 0.821
1428688 163.0 1.982e-11 0.889
1428689 163.5 1.887e-11 0.832
1428690 164.0 1.797e-11 0.714
1428691 164.5 1.712e-11 0.921
1428692 165.0 1.63e-11 1.018
1428693 165.5 1.554e-11 0.841
1428694 166.0 1.482e-11 0.689
1428695 166.5 1.414e-11 0.741
1428696 167.0 1.348e-11 0.77
1428697 167.5 1.286e-11 0.729
1428698 168.0 1.227e-11 0.808
1428699 168.5 1.17e-11 0.784
1428700 169.0 1.116e-11 0.802
1428701 169.5 1.065e-11 0.946
1428702 170.0 1.016e-11 0.952
1428703 170.5 9.699e-12 0.893
1428704 171.0 9.269e-12 0.809
1428705 171.5 8.858e-12 0.642
1428706 172.0 8.466e-12 0.669
1428707 172.5 8.092e-12 0.611
1428708 173.0 7.734e-12 0.778
1428709 173.5 7.393e-12 0.832
1428710 174.0 7.067e-12 0.969
1428711 174.5 6.755e-12 0.884
1428712 175.0 6.457e-12 0.913
1428713 175.5 6.178e-12 0.811
1428714 176.0 5.915e-12 0.821
1428715 176.5 5.663e-12 0.757
1428716 177.0 5.422e-12 0.606
1428717 177.5 5.191e-12 0.771
1428718 178.0 4.97e-12 0.899
1428719 178.5 4.759e-12 1.212
1428720 179.0 4.557e-12 1.039
1428721 179.5 4.364e-12 0.931
1428722 180.0 4.179e-12 1.204
1428723 180.5 4.008e-12 0.973
1428724 181.0 3.85e-12 0.914
1428725 181.5 3.697e-12 0.81
1428726 182.0 3.551e-12 0.744
1428727 182.5 3.41e-12 0.69
1428728 183.0 3.276e-12 0.556
1428729 183.5 3.146e-12 0.642
1428730 184.0 3.022e-12 0.577
1428731 184.5 2.903e-12 0.382
1428732 185.0 2.788e-12 0.256
1428733 185.5 2.678e-12 0.445
1428734 186.0 2.574e-12 0.475
1428735 186.5 2.473e-12 0.287
1428736 187.0 2.377e-12 0.114
1428737 187.5 2.284e-12 0.142
1428738 188.0 2.195e-12 0.314
1428739 188.5 2.109e-12 0.218
1428740 189.0 2.027e-12 0.222
1428741 189.5 1.948e-12 0.16
1428742 190.0 1.873e-12 0.262
1428743 190.5 1.801e-12 0.226
1428744 191.0 1.734e-12 0.291
1428745 191.5 1.669e-12 0.19
1428746 192.0 1.606e-12 0.1
1428747 192.5 1.546e-12 0.102
1428748 193.0 1.488e-12 0.1
1428749 193.5 1.433e-12 0.1
1428750 194.0 1.379e-12 0.1
1428751 194.5 1.328e-12 0.1
1428752 195.0 1.278e-12 0.1
1428753 195.5 1.232e-12 0.1
1428754 196.0 1.188e-12 0.1
1428755 196.5 1.146e-12 0.1
1428756 197.0 1.105e-12 0.1
1428757 197.5 1.066e-12 0.246
1428758 198.0 1.028e-12 0.281
1428759 198.5 9.921e-13 0.512
1428760 199.0 9.57e-13 0.614
1428761 199.5 9.232e-13 0.747
1428762 200.0 8.906e-13 0.688
