 HgtMOLA Denkgm3 DensP
162405 0.0 0.01466 1.016
162406 0.5 0.01394 1.011
162407 1.0 0.01327 1.007
162408 1.5 0.01274 1.004
162409 2.0 0.01223 0.992
162410 2.5 0.01171 0.995
162411 3.0 0.01122 0.994
162412 3.5 0.01073 0.998
162413 4.0 0.01027 0.992
162414 4.5 0.00982 0.992
162415 5.0 0.009393 0.994
162416 5.5 0.008985 1.01
162417 6.0 0.008594 1.006
162418 6.5 0.008223 0.995
162419 7.0 0.007868 1.003
162420 7.5 0.00753 1.002
162421 8.0 0.007206 1.0
162422 8.5 0.006897 1.01
162423 9.0 0.006602 1.013
162424 9.5 0.006318 0.986
162425 10.0 0.006047 0.994
162426 10.5 0.005785 0.985
162427 11.0 0.005535 0.99
162428 11.5 0.005295 0.986
162429 12.0 0.005067 0.984
162430 12.5 0.004848 0.98
162431 13.0 0.004639 0.992
162432 13.5 0.004439 0.995
162433 14.0 0.004248 0.993
162434 14.5 0.004065 0.998
162435 15.0 0.003891 1.006
162436 15.5 0.003712 1.021
162437 16.0 0.003541 1.034
162438 16.5 0.003379 1.015
162439 17.0 0.003224 1.028
162440 17.5 0.003076 1.03
162441 18.0 0.002935 1.025
162442 18.5 0.002801 1.013
162443 19.0 0.002672 1.019
162444 19.5 0.00255 1.013
162445 20.0 0.002434 1.004
162446 20.5 0.002313 0.992
162447 21.0 0.002198 1.014
162448 21.5 0.002089 1.009
162449 22.0 0.001985 1.01
162450 22.5 0.001887 1.009
162451 23.0 0.001793 1.013
162452 23.5 0.001704 1.009
162453 24.0 0.00162 0.988
162454 24.5 0.00154 1.0
162455 25.0 0.001464 1.001
162456 25.5 0.001386 0.994
162457 26.0 0.001313 1.011
162458 26.5 0.001244 0.995
162459 27.0 0.001178 1.001
162460 27.5 0.001116 1.006
162461 28.0 0.001057 1.004
162462 28.5 0.001001 1.008
162463 29.0 0.0009483 1.012
162464 29.5 0.0008984 1.003
162465 30.0 0.000851 0.982
162466 30.5 0.0008045 0.994
162467 31.0 0.0007606 1.016
162468 31.5 0.0007191 1.001
162469 32.0 0.0006798 0.978
162470 32.5 0.0006427 0.967
162471 33.0 0.0006077 0.963
162472 33.5 0.0005745 0.953
162473 34.0 0.0005432 0.964
162474 34.5 0.0005136 0.958
162475 35.0 0.0004856 0.947
162476 35.5 0.0004579 0.949
162477 36.0 0.0004319 0.952
162478 36.5 0.0004073 0.949
162479 37.0 0.0003842 0.953
162480 37.5 0.0003624 0.959
162481 38.0 0.0003419 0.987
162482 38.5 0.0003226 1.008
162483 39.0 0.0003043 1.013
162484 39.5 0.0002872 1.039
162485 40.0 0.000271 1.041
162486 40.5 0.000254 1.024
162487 41.0 0.0002381 1.018
162488 41.5 0.0002232 1.037
162489 42.0 0.0002093 1.039
162490 42.5 0.0001962 1.027
162491 43.0 0.000184 1.015
162492 43.5 0.0001725 0.977
162493 44.0 0.0001618 0.992
162494 44.5 0.0001517 0.965
162495 45.0 0.0001423 0.937
162496 45.5 0.0001322 0.945
162497 46.0 0.0001228 0.932
162498 46.5 0.0001141 0.936
162499 47.0 0.000106 0.933
162500 47.5 9.848e-05 0.927
162501 48.0 9.15e-05 0.912
162502 48.5 8.501e-05 0.918
162503 49.0 7.899e-05 0.9
162504 49.5 7.339e-05 0.963
162505 50.0 6.82e-05 0.941
162506 50.5 6.294e-05 0.969
162507 51.0 5.809e-05 0.938
162508 51.5 5.362e-05 0.935
162509 52.0 4.949e-05 0.914
162510 52.5 4.568e-05 0.933
162511 53.0 4.216e-05 0.963
162512 53.5 3.892e-05 0.909
162513 54.0 3.592e-05 0.883
162514 54.5 3.316e-05 0.878
162515 55.0 3.061e-05 0.881
162516 55.5 2.859e-05 0.873
162517 56.0 2.67e-05 0.879
162518 56.5 2.494e-05 0.886
162519 57.0 2.33e-05 0.935
162520 57.5 2.177e-05 0.895
162521 58.0 2.033e-05 0.902
162522 58.5 1.899e-05 0.884
162523 59.0 1.774e-05 0.893
162524 59.5 1.657e-05 0.906
162525 60.0 1.548e-05 0.904
162526 60.5 1.454e-05 0.949
162527 61.0 1.366e-05 0.955
162528 61.5 1.283e-05 0.993
162529 62.0 1.205e-05 0.98
162530 62.5 1.132e-05 0.98
162531 63.0 1.064e-05 0.995
162532 63.5 9.99e-06 0.99
162533 64.0 9.385e-06 1.047
162534 64.5 8.816e-06 1.041
162535 65.0 8.297e-06 1.12
162536 65.5 7.774e-06 1.084
162537 66.0 7.285e-06 1.036
162538 66.5 6.827e-06 1.032
162539 67.0 6.398e-06 1.079
162540 67.5 5.996e-06 1.067
162541 68.0 5.619e-06 1.137
162542 68.5 5.267e-06 1.031
162543 69.0 4.936e-06 1.095
162544 69.5 4.627e-06 1.077
162545 70.0 4.352e-06 1.072
162546 70.5 4.07e-06 1.115
162547 71.0 3.806e-06 1.091
162548 71.5 3.559e-06 1.064
162549 72.0 3.328e-06 1.028
162550 72.5 3.112e-06 1.035
162551 73.0 2.911e-06 1.041
162552 73.5 2.722e-06 1.012
162553 74.0 2.546e-06 0.975
162554 74.5 2.381e-06 1.015
162555 75.0 2.226e-06 1.031
162556 75.5 2.07e-06 0.966
162557 76.0 1.925e-06 1.062
162558 76.5 1.791e-06 1.075
162559 77.0 1.666e-06 1.15
162560 77.5 1.551e-06 1.086
162561 78.0 1.444e-06 1.103
162562 78.5 1.345e-06 1.039
162563 79.0 1.253e-06 1.066
162564 79.5 1.168e-06 0.979
162565 80.0 1.089e-06 1.075
162566 80.5 1.017e-06 1.027
162567 81.0 9.512e-07 0.936
162568 81.5 8.895e-07 0.991
162569 82.0 8.319e-07 0.944
162570 82.5 7.78e-07 0.879
162571 83.0 7.276e-07 0.863
162572 83.5 6.805e-07 0.838
162573 84.0 6.364e-07 0.905
162574 84.5 5.953e-07 0.939
162575 85.0 5.568e-07 0.924
162576 85.5 5.2e-07 0.92
162577 86.0 4.85e-07 0.92
162578 86.5 4.524e-07 0.866
162579 87.0 4.22e-07 0.737
162580 87.5 3.936e-07 0.866
162581 88.0 3.672e-07 0.82
162582 88.5 3.425e-07 0.92
162583 89.0 3.195e-07 0.916
162584 89.5 2.981e-07 0.81
162585 90.0 2.781e-07 0.886
162586 90.5 2.589e-07 0.935
162587 91.0 2.407e-07 1.024
162588 91.5 2.237e-07 1.011
162589 92.0 2.08e-07 1.101
162590 92.5 1.933e-07 1.263
162591 93.0 1.797e-07 1.373
162592 93.5 1.67e-07 1.361
162593 94.0 1.553e-07 1.356
162594 94.5 1.444e-07 1.285
162595 95.0 1.342e-07 1.171
162596 95.5 1.246e-07 1.145
162597 96.0 1.155e-07 1.143
162598 96.5 1.071e-07 1.098
162599 97.0 9.93e-08 1.081
162600 97.5 9.207e-08 1.131
162601 98.0 8.538e-08 1.04
162602 98.5 7.917e-08 0.874
162603 99.0 7.341e-08 0.927
162604 99.5 6.808e-08 1.133
162605 100.0 6.314e-08 1.025
162606 100.5 5.852e-08 0.877
162607 101.0 5.421e-08 0.884
162608 101.5 5.022e-08 0.846
162609 102.0 4.652e-08 0.897
162610 102.5 4.31e-08 0.917
162611 103.0 3.992e-08 1.074
162612 103.5 3.698e-08 1.099
162613 104.0 3.426e-08 1.102
162614 104.5 3.174e-08 0.982
162615 105.0 2.94e-08 0.901
162616 105.5 2.719e-08 0.93
162617 106.0 2.511e-08 0.905
162618 106.5 2.318e-08 0.893
162619 107.0 2.141e-08 0.843
162620 107.5 1.977e-08 0.891
162621 108.0 1.825e-08 1.017
162622 108.5 1.686e-08 1.142
162623 109.0 1.557e-08 1.164
162624 109.5 1.438e-08 1.191
162625 110.0 1.328e-08 1.202
162626 110.5 1.226e-08 1.243
162627 111.0 1.131e-08 1.197
162628 111.5 1.043e-08 1.142
162629 112.0 9.628e-09 1.123
162630 112.5 8.885e-09 1.034
162631 113.0 8.199e-09 1.104
162632 113.5 7.566e-09 1.084
162633 114.0 6.983e-09 1.114
162634 114.5 6.444e-09 1.049
162635 115.0 5.947e-09 1.039
162636 115.5 5.508e-09 0.849
162637 116.0 5.115e-09 0.734
162638 116.5 4.751e-09 0.882
162639 117.0 4.413e-09 0.864
162640 117.5 4.1e-09 0.792
162641 118.0 3.809e-09 0.992
162642 118.5 3.538e-09 0.977
162643 119.0 3.288e-09 1.229
162644 119.5 3.055e-09 1.481
162645 120.0 2.839e-09 1.486
162646 120.5 2.642e-09 1.409
162647 121.0 2.462e-09 1.372
162648 121.5 2.294e-09 1.294
162649 122.0 2.138e-09 1.346
162650 122.5 1.992e-09 1.572
162651 123.0 1.857e-09 1.361
162652 123.5 1.731e-09 1.115
162653 124.0 1.613e-09 1.033
162654 124.5 1.504e-09 1.285
162655 125.0 1.402e-09 1.197
162656 125.5 1.31e-09 1.19
162657 126.0 1.227e-09 1.079
162658 126.5 1.15e-09 0.84
162659 127.0 1.077e-09 0.922
162660 127.5 1.009e-09 0.851
162661 128.0 9.451e-10 0.965
162662 128.5 8.854e-10 1.025
162663 129.0 8.295e-10 0.994
162664 129.5 7.772e-10 0.959
162665 130.0 7.281e-10 0.942
162666 130.5 6.839e-10 1.023
162667 131.0 6.437e-10 0.852
162668 131.5 6.059e-10 0.871
162669 132.0 5.703e-10 1.121
162670 132.5 5.368e-10 1.281
162671 133.0 5.053e-10 1.366
162672 133.5 4.757e-10 1.286
162673 134.0 4.478e-10 1.342
162674 134.5 4.215e-10 1.348
162675 135.0 3.968e-10 1.265
162676 135.5 3.739e-10 1.378
162677 136.0 3.527e-10 1.246
162678 136.5 3.327e-10 1.526
162679 137.0 3.139e-10 1.339
162680 137.5 2.961e-10 1.424
162681 138.0 2.793e-10 1.593
162682 138.5 2.635e-10 1.616
162683 139.0 2.485e-10 1.705
162684 139.5 2.344e-10 1.342
162685 140.0 2.212e-10 1.682
162686 140.5 2.089e-10 1.514
162687 141.0 1.976e-10 1.473
162688 141.5 1.869e-10 1.417
162689 142.0 1.768e-10 1.348
162690 142.5 1.672e-10 1.143
162691 143.0 1.582e-10 0.92
162692 143.5 1.496e-10 1.046
162693 144.0 1.415e-10 0.902
162694 144.5 1.339e-10 0.91
162695 145.0 1.266e-10 0.752
162696 145.5 1.199e-10 0.719
162697 146.0 1.137e-10 0.54
162698 146.5 1.078e-10 0.588
162699 147.0 1.022e-10 0.532
162700 147.5 9.686e-11 0.71
162701 148.0 9.182e-11 0.871
162702 148.5 8.705e-11 0.972
162703 149.0 8.252e-11 0.757
162704 149.5 7.823e-11 0.805
162705 150.0 7.416e-11 0.772
162706 150.5 7.037e-11 0.829
162707 151.0 6.681e-11 0.866
162708 151.5 6.344e-11 0.964
162709 152.0 6.023e-11 0.922
162710 152.5 5.719e-11 1.048
162711 153.0 5.43e-11 1.413
162712 153.5 5.156e-11 1.426
162713 154.0 4.896e-11 1.609
162714 154.5 4.649e-11 1.503
162715 155.0 4.414e-11 1.419
162716 155.5 4.194e-11 1.675
162717 156.0 3.987e-11 1.787
162718 156.5 3.79e-11 1.842
162719 157.0 3.603e-11 1.762
162720 157.5 3.425e-11 1.653
162721 158.0 3.256e-11 1.53
162722 158.5 3.095e-11 1.366
162723 159.0 2.942e-11 1.422
162724 159.5 2.797e-11 1.564
162725 160.0 2.659e-11 1.615
162726 160.5 2.531e-11 1.554
162727 161.0 2.41e-11 1.586
162728 161.5 2.295e-11 1.469
162729 162.0 2.185e-11 1.503
162730 162.5 2.081e-11 1.442
162731 163.0 1.982e-11 1.579
162732 163.5 1.887e-11 1.708
162733 164.0 1.797e-11 1.674
162734 164.5 1.712e-11 1.505
162735 165.0 1.63e-11 1.652
162736 165.5 1.554e-11 1.616
162737 166.0 1.482e-11 1.504
162738 166.5 1.414e-11 1.321
162739 167.0 1.348e-11 1.461
162740 167.5 1.286e-11 1.256
162741 168.0 1.227e-11 1.066
162742 168.5 1.17e-11 1.051
162743 169.0 1.116e-11 0.91
162744 169.5 1.065e-11 0.994
162745 170.0 1.016e-11 1.032
162746 170.5 9.699e-12 1.129
162747 171.0 9.269e-12 1.16
162748 171.5 8.858e-12 0.941
162749 172.0 8.466e-12 0.801
162750 172.5 8.092e-12 0.73
162751 173.0 7.734e-12 0.737
162752 173.5 7.393e-12 0.983
162753 174.0 7.067e-12 0.993
162754 174.5 6.755e-12 0.771
162755 175.0 6.457e-12 0.85
162756 175.5 6.178e-12 0.771
162757 176.0 5.915e-12 0.679
162758 176.5 5.663e-12 0.43
162759 177.0 5.422e-12 0.449
162760 177.5 5.191e-12 0.55
162761 178.0 4.97e-12 0.632
162762 178.5 4.759e-12 0.651
162763 179.0 4.557e-12 0.61
162764 179.5 4.364e-12 0.735
162765 180.0 4.179e-12 0.813
162766 180.5 4.008e-12 0.914
162767 181.0 3.85e-12 0.867
162768 181.5 3.697e-12 0.864
162769 182.0 3.551e-12 0.837
162770 182.5 3.41e-12 0.777
162771 183.0 3.276e-12 0.969
162772 183.5 3.146e-12 1.051
162773 184.0 3.022e-12 1.167
162774 184.5 2.903e-12 1.298
162775 185.0 2.788e-12 1.554
162776 185.5 2.678e-12 1.469
162777 186.0 2.574e-12 1.483
162778 186.5 2.473e-12 1.306
162779 187.0 2.377e-12 1.386
162780 187.5 2.284e-12 1.458
162781 188.0 2.195e-12 1.151
162782 188.5 2.109e-12 1.345
162783 189.0 2.027e-12 1.555
162784 189.5 1.948e-12 1.46
162785 190.0 1.873e-12 1.178
162786 190.5 1.801e-12 0.964
162787 191.0 1.734e-12 0.952
162788 191.5 1.669e-12 0.968
162789 192.0 1.606e-12 1.266
162790 192.5 1.546e-12 1.209
162791 193.0 1.488e-12 1.564
162792 193.5 1.433e-12 1.311
162793 194.0 1.379e-12 1.536
162794 194.5 1.328e-12 1.746
162795 195.0 1.278e-12 1.411
162796 195.5 1.232e-12 1.384
162797 196.0 1.188e-12 1.346
162798 196.5 1.146e-12 1.294
162799 197.0 1.105e-12 1.542
162800 197.5 1.066e-12 1.678
162801 198.0 1.028e-12 1.404
162802 198.5 9.921e-13 1.474
162803 199.0 9.57e-13 1.712
162804 199.5 9.232e-13 1.598
162805 200.0 8.906e-13 1.713
