 HgtMOLA Denkgm3 DensP
1701844 0.0 0.01466 0.996
1701845 0.5 0.01394 0.992
1701846 1.0 0.01327 0.997
1701847 1.5 0.01274 0.993
1701848 2.0 0.01223 0.991
1701849 2.5 0.01171 0.994
1701850 3.0 0.01122 0.994
1701851 3.5 0.01073 0.98
1701852 4.0 0.01027 0.991
1701853 4.5 0.00982 0.99
1701854 5.0 0.009393 1.003
1701855 5.5 0.008985 1.007
1701856 6.0 0.008594 1.018
1701857 6.5 0.008223 1.017
1701858 7.0 0.007868 1.022
1701859 7.5 0.00753 1.01
1701860 8.0 0.007206 1.012
1701861 8.5 0.006897 1.002
1701862 9.0 0.006602 1.005
1701863 9.5 0.006318 1.001
1701864 10.0 0.006047 0.997
1701865 10.5 0.005785 1.007
1701866 11.0 0.005535 1.012
1701867 11.5 0.005295 1.005
1701868 12.0 0.005067 0.995
1701869 12.5 0.004848 0.986
1701870 13.0 0.004639 0.986
1701871 13.5 0.004439 0.99
1701872 14.0 0.004248 1.008
1701873 14.5 0.004065 1.017
1701874 15.0 0.003891 1.016
1701875 15.5 0.003712 1.025
1701876 16.0 0.003541 1.023
1701877 16.5 0.003379 1.015
1701878 17.0 0.003224 1.021
1701879 17.5 0.003076 1.019
1701880 18.0 0.002935 1.044
1701881 18.5 0.002801 1.044
1701882 19.0 0.002672 1.05
1701883 19.5 0.00255 1.045
1701884 20.0 0.002434 1.026
1701885 20.5 0.002313 1.029
1701886 21.0 0.002198 1.044
1701887 21.5 0.002089 1.057
1701888 22.0 0.001985 1.044
1701889 22.5 0.001887 1.04
1701890 23.0 0.001793 1.04
1701891 23.5 0.001704 1.025
1701892 24.0 0.00162 1.029
1701893 24.5 0.00154 1.036
1701894 25.0 0.001464 1.023
1701895 25.5 0.001386 1.025
1701896 26.0 0.001313 1.022
1701897 26.5 0.001244 1.023
1701898 27.0 0.001178 1.035
1701899 27.5 0.001116 1.034
1701900 28.0 0.001057 1.03
1701901 28.5 0.001001 1.043
1701902 29.0 0.0009483 1.04
1701903 29.5 0.0008984 1.04
1701904 30.0 0.000851 1.046
1701905 30.5 0.0008045 1.033
1701906 31.0 0.0007606 1.023
1701907 31.5 0.0007191 1.014
1701908 32.0 0.0006798 1.014
1701909 32.5 0.0006427 1.007
1701910 33.0 0.0006077 1.039
1701911 33.5 0.0005745 1.04
1701912 34.0 0.0005432 1.039
1701913 34.5 0.0005136 1.041
1701914 35.0 0.0004856 1.014
1701915 35.5 0.0004579 1.02
1701916 36.0 0.0004319 0.995
1701917 36.5 0.0004073 1.019
1701918 37.0 0.0003842 0.98
1701919 37.5 0.0003624 0.986
1701920 38.0 0.0003419 0.972
1701921 38.5 0.0003226 0.955
1701922 39.0 0.0003043 0.98
1701923 39.5 0.0002872 0.975
1701924 40.0 0.000271 0.967
1701925 40.5 0.000254 0.991
1701926 41.0 0.0002381 0.987
1701927 41.5 0.0002232 0.983
1701928 42.0 0.0002093 0.991
1701929 42.5 0.0001962 0.999
1701930 43.0 0.000184 0.993
1701931 43.5 0.0001725 1.019
1701932 44.0 0.0001618 0.982
1701933 44.5 0.0001517 1.016
1701934 45.0 0.0001423 1.019
1701935 45.5 0.0001322 1.02
1701936 46.0 0.0001228 1.028
1701937 46.5 0.0001141 1.016
1701938 47.0 0.000106 0.995
1701939 47.5 9.848e-05 0.986
1701940 48.0 9.15e-05 1.015
1701941 48.5 8.501e-05 1.014
1701942 49.0 7.899e-05 1.045
1701943 49.5 7.339e-05 1.044
1701944 50.0 6.82e-05 1.059
1701945 50.5 6.294e-05 1.064
1701946 51.0 5.809e-05 1.128
1701947 51.5 5.362e-05 1.156
1701948 52.0 4.949e-05 1.158
1701949 52.5 4.568e-05 1.159
1701950 53.0 4.216e-05 1.17
1701951 53.5 3.892e-05 1.186
1701952 54.0 3.592e-05 1.166
1701953 54.5 3.316e-05 1.197
1701954 55.0 3.061e-05 1.183
1701955 55.5 2.859e-05 1.181
1701956 56.0 2.67e-05 1.15
1701957 56.5 2.494e-05 1.111
1701958 57.0 2.33e-05 1.143
1701959 57.5 2.177e-05 1.155
1701960 58.0 2.033e-05 1.129
1701961 58.5 1.899e-05 1.137
1701962 59.0 1.774e-05 1.074
1701963 59.5 1.657e-05 1.073
1701964 60.0 1.548e-05 1.041
1701965 60.5 1.454e-05 1.045
1701966 61.0 1.366e-05 1.03
1701967 61.5 1.283e-05 1.043
1701968 62.0 1.205e-05 1.085
1701969 62.5 1.132e-05 1.111
1701970 63.0 1.064e-05 1.112
1701971 63.5 9.99e-06 1.081
1701972 64.0 9.385e-06 1.106
1701973 64.5 8.816e-06 1.128
1701974 65.0 8.297e-06 1.152
1701975 65.5 7.774e-06 1.034
1701976 66.0 7.285e-06 1.091
1701977 66.5 6.827e-06 1.115
1701978 67.0 6.398e-06 1.087
1701979 67.5 5.996e-06 1.07
1701980 68.0 5.619e-06 0.987
1701981 68.5 5.267e-06 1.049
1701982 69.0 4.936e-06 1.016
1701983 69.5 4.627e-06 1.056
1701984 70.0 4.352e-06 1.031
1701985 70.5 4.07e-06 1.096
1701986 71.0 3.806e-06 1.105
1701987 71.5 3.559e-06 1.101
1701988 72.0 3.328e-06 1.005
1701989 72.5 3.112e-06 0.998
1701990 73.0 2.911e-06 1.018
1701991 73.5 2.722e-06 1.005
1701992 74.0 2.546e-06 1.063
1701993 74.5 2.381e-06 1.128
1701994 75.0 2.226e-06 1.089
1701995 75.5 2.07e-06 1.073
1701996 76.0 1.925e-06 1.098
1701997 76.5 1.791e-06 0.96
1701998 77.0 1.666e-06 0.955
1701999 77.5 1.551e-06 0.891
1702000 78.0 1.444e-06 0.924
1702001 78.5 1.345e-06 0.916
1702002 79.0 1.253e-06 1.01
1702003 79.5 1.168e-06 1.125
1702004 80.0 1.089e-06 1.131
1702005 80.5 1.017e-06 1.091
1702006 81.0 9.512e-07 1.166
1702007 81.5 8.895e-07 1.142
1702008 82.0 8.319e-07 1.099
1702009 82.5 7.78e-07 1.065
1702010 83.0 7.276e-07 1.155
1702011 83.5 6.805e-07 1.15
1702012 84.0 6.364e-07 1.152
1702013 84.5 5.953e-07 1.223
1702014 85.0 5.568e-07 1.201
1702015 85.5 5.2e-07 1.16
1702016 86.0 4.85e-07 1.254
1702017 86.5 4.524e-07 1.245
1702018 87.0 4.22e-07 1.236
1702019 87.5 3.936e-07 1.18
1702020 88.0 3.672e-07 1.2
1702021 88.5 3.425e-07 1.104
1702022 89.0 3.195e-07 1.089
1702023 89.5 2.981e-07 1.068
1702024 90.0 2.781e-07 1.057
1702025 90.5 2.589e-07 0.954
1702026 91.0 2.407e-07 0.917
1702027 91.5 2.237e-07 0.941
1702028 92.0 2.08e-07 0.778
1702029 92.5 1.933e-07 0.705
1702030 93.0 1.797e-07 0.65
1702031 93.5 1.67e-07 0.709
1702032 94.0 1.553e-07 0.803
1702033 94.5 1.444e-07 0.766
1702034 95.0 1.342e-07 0.711
1702035 95.5 1.246e-07 0.698
1702036 96.0 1.155e-07 0.777
1702037 96.5 1.071e-07 0.825
1702038 97.0 9.93e-08 0.785
1702039 97.5 9.207e-08 0.893
1702040 98.0 8.538e-08 0.827
1702041 98.5 7.917e-08 0.824
1702042 99.0 7.341e-08 0.856
1702043 99.5 6.808e-08 0.934
1702044 100.0 6.314e-08 0.958
1702045 100.5 5.852e-08 0.938
1702046 101.0 5.421e-08 1.057
1702047 101.5 5.022e-08 1.219
1702048 102.0 4.652e-08 1.299
1702049 102.5 4.31e-08 1.413
1702050 103.0 3.992e-08 1.535
1702051 103.5 3.698e-08 1.511
1702052 104.0 3.426e-08 1.432
1702053 104.5 3.174e-08 1.448
1702054 105.0 2.94e-08 1.248
1702055 105.5 2.719e-08 1.097
1702056 106.0 2.511e-08 0.936
1702057 106.5 2.318e-08 1.061
1702058 107.0 2.141e-08 0.982
1702059 107.5 1.977e-08 0.932
1702060 108.0 1.825e-08 1.139
1702061 108.5 1.686e-08 1.011
1702062 109.0 1.557e-08 1.035
1702063 109.5 1.438e-08 1.249
1702064 110.0 1.328e-08 1.177
1702065 110.5 1.226e-08 1.309
1702066 111.0 1.131e-08 1.245
1702067 111.5 1.043e-08 1.209
1702068 112.0 9.628e-09 1.407
1702069 112.5 8.885e-09 1.488
1702070 113.0 8.199e-09 1.548
1702071 113.5 7.566e-09 1.572
1702072 114.0 6.983e-09 1.35
1702073 114.5 6.444e-09 1.31
1702074 115.0 5.947e-09 1.345
1702075 115.5 5.508e-09 1.474
1702076 116.0 5.115e-09 1.502
1702077 116.5 4.751e-09 1.595
1702078 117.0 4.413e-09 1.565
1702079 117.5 4.1e-09 1.379
1702080 118.0 3.809e-09 1.433
1702081 118.5 3.538e-09 1.421
1702082 119.0 3.288e-09 1.314
1702083 119.5 3.055e-09 1.399
1702084 120.0 2.839e-09 1.46
1702085 120.5 2.642e-09 1.354
1702086 121.0 2.462e-09 1.256
1702087 121.5 2.294e-09 1.356
1702088 122.0 2.138e-09 1.395
1702089 122.5 1.992e-09 1.404
1702090 123.0 1.857e-09 1.532
1702091 123.5 1.731e-09 1.374
1702092 124.0 1.613e-09 1.308
1702093 124.5 1.504e-09 1.257
1702094 125.0 1.402e-09 1.332
1702095 125.5 1.31e-09 1.022
1702096 126.0 1.227e-09 1.007
1702097 126.5 1.15e-09 0.825
1702098 127.0 1.077e-09 0.662
1702099 127.5 1.009e-09 0.651
1702100 128.0 9.451e-10 0.709
1702101 128.5 8.854e-10 0.496
1702102 129.0 8.295e-10 0.584
1702103 129.5 7.772e-10 0.359
1702104 130.0 7.281e-10 0.46
1702105 130.5 6.839e-10 0.671
1702106 131.0 6.437e-10 0.661
1702107 131.5 6.059e-10 0.785
1702108 132.0 5.703e-10 0.774
1702109 132.5 5.368e-10 0.982
1702110 133.0 5.053e-10 0.951
1702111 133.5 4.757e-10 1.222
1702112 134.0 4.478e-10 1.257
1702113 134.5 4.215e-10 1.159
1702114 135.0 3.968e-10 1.307
1702115 135.5 3.739e-10 1.585
1702116 136.0 3.527e-10 1.533
1702117 136.5 3.327e-10 1.743
1702118 137.0 3.139e-10 1.589
1702119 137.5 2.961e-10 1.527
1702120 138.0 2.793e-10 1.949
1702121 138.5 2.635e-10 1.688
1702122 139.0 2.485e-10 1.808
1702123 139.5 2.344e-10 1.563
1702124 140.0 2.212e-10 1.763
1702125 140.5 2.089e-10 1.658
1702126 141.0 1.976e-10 1.658
1702127 141.5 1.869e-10 1.451
1702128 142.0 1.768e-10 1.551
1702129 142.5 1.672e-10 1.472
1702130 143.0 1.582e-10 1.343
1702131 143.5 1.496e-10 1.498
1702132 144.0 1.415e-10 1.39
1702133 144.5 1.339e-10 1.344
1702134 145.0 1.266e-10 1.652
1702135 145.5 1.199e-10 1.778
1702136 146.0 1.137e-10 1.482
1702137 146.5 1.078e-10 1.61
1702138 147.0 1.022e-10 1.745
1702139 147.5 9.686e-11 1.73
1702140 148.0 9.182e-11 1.841
1702141 148.5 8.705e-11 1.719
1702142 149.0 8.252e-11 1.641
1702143 149.5 7.823e-11 1.615
1702144 150.0 7.416e-11 1.581
1702145 150.5 7.037e-11 1.753
1702146 151.0 6.681e-11 1.876
1702147 151.5 6.344e-11 1.578
1702148 152.0 6.023e-11 1.626
1702149 152.5 5.719e-11 1.621
1702150 153.0 5.43e-11 1.736
1702151 153.5 5.156e-11 1.679
1702152 154.0 4.896e-11 1.624
1702153 154.5 4.649e-11 1.821
1702154 155.0 4.414e-11 1.667
1702155 155.5 4.194e-11 1.843
1702156 156.0 3.987e-11 1.9
1702157 156.5 3.79e-11 2.003
1702158 157.0 3.603e-11 1.847
1702159 157.5 3.425e-11 1.9
1702160 158.0 3.256e-11 1.841
1702161 158.5 3.095e-11 1.642
1702162 159.0 2.942e-11 1.486
1702163 159.5 2.797e-11 1.291
1702164 160.0 2.659e-11 1.393
1702165 160.5 2.531e-11 1.315
1702166 161.0 2.41e-11 1.246
1702167 161.5 2.295e-11 1.161
1702168 162.0 2.185e-11 1.015
1702169 162.5 2.081e-11 1.034
1702170 163.0 1.982e-11 1.036
1702171 163.5 1.887e-11 1.136
1702172 164.0 1.797e-11 1.25
1702173 164.5 1.712e-11 1.25
1702174 165.0 1.63e-11 1.141
1702175 165.5 1.554e-11 1.222
1702176 166.0 1.482e-11 1.383
1702177 166.5 1.414e-11 1.1
1702178 167.0 1.348e-11 1.043
1702179 167.5 1.286e-11 1.048
1702180 168.0 1.227e-11 1.19
1702181 168.5 1.17e-11 1.203
1702182 169.0 1.116e-11 1.213
1702183 169.5 1.065e-11 1.208
1702184 170.0 1.016e-11 1.188
1702185 170.5 9.699e-12 1.063
1702186 171.0 9.269e-12 0.944
1702187 171.5 8.858e-12 1.075
1702188 172.0 8.466e-12 1.214
1702189 172.5 8.092e-12 1.303
1702190 173.0 7.734e-12 1.466
1702191 173.5 7.393e-12 1.421
1702192 174.0 7.067e-12 1.355
1702193 174.5 6.755e-12 1.096
1702194 175.0 6.457e-12 1.024
1702195 175.5 6.178e-12 0.987
1702196 176.0 5.915e-12 0.978
1702197 176.5 5.663e-12 0.832
1702198 177.0 5.422e-12 0.81
1702199 177.5 5.191e-12 0.906
1702200 178.0 4.97e-12 0.825
1702201 178.5 4.759e-12 0.847
1702202 179.0 4.557e-12 0.749
1702203 179.5 4.364e-12 0.962
1702204 180.0 4.179e-12 1.073
1702205 180.5 4.008e-12 0.991
1702206 181.0 3.85e-12 1.043
1702207 181.5 3.697e-12 0.862
1702208 182.0 3.551e-12 0.836
1702209 182.5 3.41e-12 0.981
1702210 183.0 3.276e-12 1.025
1702211 183.5 3.146e-12 0.981
1702212 184.0 3.022e-12 0.838
1702213 184.5 2.903e-12 0.654
1702214 185.0 2.788e-12 0.531
1702215 185.5 2.678e-12 0.464
1702216 186.0 2.574e-12 0.602
1702217 186.5 2.473e-12 0.695
1702218 187.0 2.377e-12 0.69
1702219 187.5 2.284e-12 0.72
1702220 188.0 2.195e-12 0.785
1702221 188.5 2.109e-12 0.865
1702222 189.0 2.027e-12 0.91
1702223 189.5 1.948e-12 1.034
1702224 190.0 1.873e-12 1.073
1702225 190.5 1.801e-12 1.007
1702226 191.0 1.734e-12 1.362
1702227 191.5 1.669e-12 1.251
1702228 192.0 1.606e-12 1.028
1702229 192.5 1.546e-12 1.097
1702230 193.0 1.488e-12 1.256
1702231 193.5 1.433e-12 1.283
1702232 194.0 1.379e-12 1.175
1702233 194.5 1.328e-12 1.217
1702234 195.0 1.278e-12 1.308
1702235 195.5 1.232e-12 1.397
1702236 196.0 1.188e-12 1.441
1702237 196.5 1.146e-12 1.381
1702238 197.0 1.105e-12 1.253
1702239 197.5 1.066e-12 1.204
1702240 198.0 1.028e-12 0.939
1702241 198.5 9.921e-13 0.852
1702242 199.0 9.57e-13 0.789
1702243 199.5 9.232e-13 0.987
1702244 200.0 8.906e-13 1.025
