 HgtMOLA Denkgm3 DensP
1734726 0.0 0.01466 1.001
1734727 0.5 0.01394 0.996
1734728 1.0 0.01327 0.994
1734729 1.5 0.01274 0.994
1734730 2.0 0.01223 1.002
1734731 2.5 0.01171 0.99
1734732 3.0 0.01122 0.993
1734733 3.5 0.01073 0.993
1734734 4.0 0.01027 0.989
1734735 4.5 0.00982 0.982
1734736 5.0 0.009393 0.987
1734737 5.5 0.008985 0.995
1734738 6.0 0.008594 0.999
1734739 6.5 0.008223 1.001
1734740 7.0 0.007868 0.999
1734741 7.5 0.00753 0.993
1734742 8.0 0.007206 1.001
1734743 8.5 0.006897 0.992
1734744 9.0 0.006602 0.99
1734745 9.5 0.006318 0.995
1734746 10.0 0.006047 1.01
1734747 10.5 0.005785 1.002
1734748 11.0 0.005535 1.018
1734749 11.5 0.005295 1.026
1734750 12.0 0.005067 1.013
1734751 12.5 0.004848 1.029
1734752 13.0 0.004639 1.023
1734753 13.5 0.004439 1.022
1734754 14.0 0.004248 1.02
1734755 14.5 0.004065 1.02
1734756 15.0 0.003891 1.02
1734757 15.5 0.003712 0.999
1734758 16.0 0.003541 0.996
1734759 16.5 0.003379 0.979
1734760 17.0 0.003224 0.983
1734761 17.5 0.003076 0.986
1734762 18.0 0.002935 0.99
1734763 18.5 0.002801 0.995
1734764 19.0 0.002672 0.988
1734765 19.5 0.00255 0.974
1734766 20.0 0.002434 0.99
1734767 20.5 0.002313 0.973
1734768 21.0 0.002198 0.966
1734769 21.5 0.002089 0.953
1734770 22.0 0.001985 0.938
1734771 22.5 0.001887 0.95
1734772 23.0 0.001793 0.953
1734773 23.5 0.001704 0.916
1734774 24.0 0.00162 0.91
1734775 24.5 0.00154 0.911
1734776 25.0 0.001464 0.926
1734777 25.5 0.001386 0.945
1734778 26.0 0.001313 0.935
1734779 26.5 0.001244 0.947
1734780 27.0 0.001178 0.94
1734781 27.5 0.001116 0.945
1734782 28.0 0.001057 0.942
1734783 28.5 0.001001 0.949
1734784 29.0 0.0009483 0.954
1734785 29.5 0.0008984 0.951
1734786 30.0 0.000851 0.969
1734787 30.5 0.0008045 0.975
1734788 31.0 0.0007606 0.964
1734789 31.5 0.0007191 0.942
1734790 32.0 0.0006798 0.933
1734791 32.5 0.0006427 0.964
1734792 33.0 0.0006077 0.984
1734793 33.5 0.0005745 0.985
1734794 34.0 0.0005432 0.968
1734795 34.5 0.0005136 0.967
1734796 35.0 0.0004856 0.967
1734797 35.5 0.0004579 0.983
1734798 36.0 0.0004319 0.954
1734799 36.5 0.0004073 0.908
1734800 37.0 0.0003842 0.932
1734801 37.5 0.0003624 0.912
1734802 38.0 0.0003419 0.926
1734803 38.5 0.0003226 0.927
1734804 39.0 0.0003043 0.942
1734805 39.5 0.0002872 0.932
1734806 40.0 0.000271 0.965
1734807 40.5 0.000254 0.97
1734808 41.0 0.0002381 0.994
1734809 41.5 0.0002232 0.968
1734810 42.0 0.0002093 0.949
1734811 42.5 0.0001962 0.943
1734812 43.0 0.000184 0.96
1734813 43.5 0.0001725 0.94
1734814 44.0 0.0001618 0.95
1734815 44.5 0.0001517 0.945
1734816 45.0 0.0001423 0.954
1734817 45.5 0.0001322 0.959
1734818 46.0 0.0001228 0.965
1734819 46.5 0.0001141 0.963
1734820 47.0 0.000106 0.98
1734821 47.5 9.848e-05 0.982
1734822 48.0 9.15e-05 0.978
1734823 48.5 8.501e-05 0.974
1734824 49.0 7.899e-05 1.02
1734825 49.5 7.339e-05 1.028
1734826 50.0 6.82e-05 1.0
1734827 50.5 6.294e-05 0.997
1734828 51.0 5.809e-05 1.003
1734829 51.5 5.362e-05 1.044
1734830 52.0 4.949e-05 1.11
1734831 52.5 4.568e-05 1.136
1734832 53.0 4.216e-05 1.07
1734833 53.5 3.892e-05 1.084
1734834 54.0 3.592e-05 1.087
1734835 54.5 3.316e-05 1.049
1734836 55.0 3.061e-05 1.056
1734837 55.5 2.859e-05 1.045
1734838 56.0 2.67e-05 1.052
1734839 56.5 2.494e-05 1.038
1734840 57.0 2.33e-05 1.09
1734841 57.5 2.177e-05 1.106
1734842 58.0 2.033e-05 1.123
1734843 58.5 1.899e-05 1.17
1734844 59.0 1.774e-05 1.222
1734845 59.5 1.657e-05 1.318
1734846 60.0 1.548e-05 1.334
1734847 60.5 1.454e-05 1.27
1734848 61.0 1.366e-05 1.26
1734849 61.5 1.283e-05 1.219
1734850 62.0 1.205e-05 1.171
1734851 62.5 1.132e-05 1.172
1734852 63.0 1.064e-05 1.184
1734853 63.5 9.99e-06 1.19
1734854 64.0 9.385e-06 1.178
1734855 64.5 8.816e-06 1.142
1734856 65.0 8.297e-06 1.145
1734857 65.5 7.774e-06 1.147
1734858 66.0 7.285e-06 1.115
1734859 66.5 6.827e-06 1.201
1734860 67.0 6.398e-06 1.203
1734861 67.5 5.996e-06 1.122
1734862 68.0 5.619e-06 1.11
1734863 68.5 5.267e-06 1.089
1734864 69.0 4.936e-06 1.106
1734865 69.5 4.627e-06 1.165
1734866 70.0 4.352e-06 1.152
1734867 70.5 4.07e-06 1.121
1734868 71.0 3.806e-06 1.179
1734869 71.5 3.559e-06 1.144
1734870 72.0 3.328e-06 1.111
1734871 72.5 3.112e-06 1.187
1734872 73.0 2.911e-06 1.156
1734873 73.5 2.722e-06 1.223
1734874 74.0 2.546e-06 1.202
1734875 74.5 2.381e-06 1.204
1734876 75.0 2.226e-06 1.075
1734877 75.5 2.07e-06 1.089
1734878 76.0 1.925e-06 1.063
1734879 76.5 1.791e-06 1.007
1734880 77.0 1.666e-06 0.929
1734881 77.5 1.551e-06 0.857
1734882 78.0 1.444e-06 0.833
1734883 78.5 1.345e-06 0.907
1734884 79.0 1.253e-06 0.915
1734885 79.5 1.168e-06 0.957
1734886 80.0 1.089e-06 0.923
1734887 80.5 1.017e-06 0.818
1734888 81.0 9.512e-07 0.873
1734889 81.5 8.895e-07 0.927
1734890 82.0 8.319e-07 0.963
1734891 82.5 7.78e-07 0.936
1734892 83.0 7.276e-07 0.95
1734893 83.5 6.805e-07 0.909
1734894 84.0 6.364e-07 0.971
1734895 84.5 5.953e-07 1.081
1734896 85.0 5.568e-07 1.024
1734897 85.5 5.2e-07 1.044
1734898 86.0 4.85e-07 0.926
1734899 86.5 4.524e-07 0.902
1734900 87.0 4.22e-07 0.915
1734901 87.5 3.936e-07 0.944
1734902 88.0 3.672e-07 0.914
1734903 88.5 3.425e-07 1.005
1734904 89.0 3.195e-07 0.976
1734905 89.5 2.981e-07 1.004
1734906 90.0 2.781e-07 1.036
1734907 90.5 2.589e-07 1.022
1734908 91.0 2.407e-07 1.084
1734909 91.5 2.237e-07 0.992
1734910 92.0 2.08e-07 0.892
1734911 92.5 1.933e-07 0.999
1734912 93.0 1.797e-07 0.992
1734913 93.5 1.67e-07 1.052
1734914 94.0 1.553e-07 1.016
1734915 94.5 1.444e-07 0.942
1734916 95.0 1.342e-07 0.958
1734917 95.5 1.246e-07 0.995
1734918 96.0 1.155e-07 1.006
1734919 96.5 1.071e-07 0.887
1734920 97.0 9.93e-08 0.99
1734921 97.5 9.207e-08 0.922
1734922 98.0 8.538e-08 0.838
1734923 98.5 7.917e-08 0.851
1734924 99.0 7.341e-08 0.833
1734925 99.5 6.808e-08 0.86
1734926 100.0 6.314e-08 0.9
1734927 100.5 5.852e-08 0.953
1734928 101.0 5.421e-08 0.909
1734929 101.5 5.022e-08 0.962
1734930 102.0 4.652e-08 0.974
1734931 102.5 4.31e-08 0.957
1734932 103.0 3.992e-08 0.994
1734933 103.5 3.698e-08 0.949
1734934 104.0 3.426e-08 0.892
1734935 104.5 3.174e-08 1.128
1734936 105.0 2.94e-08 0.984
1734937 105.5 2.719e-08 0.996
1734938 106.0 2.511e-08 1.081
1734939 106.5 2.318e-08 1.163
1734940 107.0 2.141e-08 1.135
1734941 107.5 1.977e-08 1.266
1734942 108.0 1.825e-08 1.293
1734943 108.5 1.686e-08 1.18
1734944 109.0 1.557e-08 1.225
1734945 109.5 1.438e-08 1.164
1734946 110.0 1.328e-08 1.016
1734947 110.5 1.226e-08 1.006
1734948 111.0 1.131e-08 0.984
1734949 111.5 1.043e-08 1.104
1734950 112.0 9.628e-09 0.873
1734951 112.5 8.885e-09 0.796
1734952 113.0 8.199e-09 0.824
1734953 113.5 7.566e-09 1.0
1734954 114.0 6.983e-09 1.048
1734955 114.5 6.444e-09 0.872
1734956 115.0 5.947e-09 0.982
1734957 115.5 5.508e-09 1.132
1734958 116.0 5.115e-09 1.092
1734959 116.5 4.751e-09 0.942
1734960 117.0 4.413e-09 0.862
1734961 117.5 4.1e-09 0.92
1734962 118.0 3.809e-09 0.987
1734963 118.5 3.538e-09 1.031
1734964 119.0 3.288e-09 0.963
1734965 119.5 3.055e-09 0.964
1734966 120.0 2.839e-09 0.873
1734967 120.5 2.642e-09 0.839
1734968 121.0 2.462e-09 0.872
1734969 121.5 2.294e-09 0.972
1734970 122.0 2.138e-09 0.849
1734971 122.5 1.992e-09 0.751
1734972 123.0 1.857e-09 0.758
1734973 123.5 1.731e-09 0.803
1734974 124.0 1.613e-09 0.835
1734975 124.5 1.504e-09 0.833
1734976 125.0 1.402e-09 0.93
1734977 125.5 1.31e-09 0.757
1734978 126.0 1.227e-09 0.678
1734979 126.5 1.15e-09 0.755
1734980 127.0 1.077e-09 0.902
1734981 127.5 1.009e-09 0.735
1734982 128.0 9.451e-10 0.716
1734983 128.5 8.854e-10 0.64
1734984 129.0 8.295e-10 0.786
1734985 129.5 7.772e-10 0.89
1734986 130.0 7.281e-10 0.952
1734987 130.5 6.839e-10 1.011
1734988 131.0 6.437e-10 0.833
1734989 131.5 6.059e-10 0.892
1734990 132.0 5.703e-10 1.007
1734991 132.5 5.368e-10 1.087
1734992 133.0 5.053e-10 1.13
1734993 133.5 4.757e-10 1.106
1734994 134.0 4.478e-10 0.845
1734995 134.5 4.215e-10 0.892
1734996 135.0 3.968e-10 0.932
1734997 135.5 3.739e-10 0.951
1734998 136.0 3.527e-10 0.739
1734999 136.5 3.327e-10 0.863
1735000 137.0 3.139e-10 0.849
1735001 137.5 2.961e-10 1.025
1735002 138.0 2.793e-10 1.096
1735003 138.5 2.635e-10 0.777
1735004 139.0 2.485e-10 0.643
1735005 139.5 2.344e-10 0.846
1735006 140.0 2.212e-10 0.878
1735007 140.5 2.089e-10 0.949
1735008 141.0 1.976e-10 0.935
1735009 141.5 1.869e-10 0.895
1735010 142.0 1.768e-10 1.001
1735011 142.5 1.672e-10 1.081
1735012 143.0 1.582e-10 1.075
1735013 143.5 1.496e-10 1.263
1735014 144.0 1.415e-10 1.295
1735015 144.5 1.339e-10 1.347
1735016 145.0 1.266e-10 1.401
1735017 145.5 1.199e-10 1.622
1735018 146.0 1.137e-10 1.356
1735019 146.5 1.078e-10 1.429
1735020 147.0 1.022e-10 1.179
1735021 147.5 9.686e-11 0.973
1735022 148.0 9.182e-11 0.858
1735023 148.5 8.705e-11 0.722
1735024 149.0 8.252e-11 0.759
1735025 149.5 7.823e-11 0.783
1735026 150.0 7.416e-11 0.792
1735027 150.5 7.037e-11 0.833
1735028 151.0 6.681e-11 0.713
1735029 151.5 6.344e-11 0.724
1735030 152.0 6.023e-11 0.808
1735031 152.5 5.719e-11 0.725
1735032 153.0 5.43e-11 0.692
1735033 153.5 5.156e-11 0.911
1735034 154.0 4.896e-11 0.759
1735035 154.5 4.649e-11 0.597
1735036 155.0 4.414e-11 0.636
1735037 155.5 4.194e-11 0.747
1735038 156.0 3.987e-11 0.723
1735039 156.5 3.79e-11 0.626
1735040 157.0 3.603e-11 0.9
1735041 157.5 3.425e-11 0.799
1735042 158.0 3.256e-11 0.761
1735043 158.5 3.095e-11 0.693
1735044 159.0 2.942e-11 0.693
1735045 159.5 2.797e-11 0.641
1735046 160.0 2.659e-11 0.715
1735047 160.5 2.531e-11 0.705
1735048 161.0 2.41e-11 0.675
1735049 161.5 2.295e-11 0.711
1735050 162.0 2.185e-11 0.707
1735051 162.5 2.081e-11 0.675
1735052 163.0 1.982e-11 0.687
1735053 163.5 1.887e-11 0.788
1735054 164.0 1.797e-11 0.886
1735055 164.5 1.712e-11 0.641
1735056 165.0 1.63e-11 0.725
1735057 165.5 1.554e-11 0.778
1735058 166.0 1.482e-11 0.655
1735059 166.5 1.414e-11 0.649
1735060 167.0 1.348e-11 0.731
1735061 167.5 1.286e-11 0.806
1735062 168.0 1.227e-11 0.884
1735063 168.5 1.17e-11 0.865
1735064 169.0 1.116e-11 0.641
1735065 169.5 1.065e-11 0.758
1735066 170.0 1.016e-11 0.658
1735067 170.5 9.699e-12 0.599
1735068 171.0 9.269e-12 0.717
1735069 171.5 8.858e-12 0.723
1735070 172.0 8.466e-12 0.582
1735071 172.5 8.092e-12 0.502
1735072 173.0 7.734e-12 0.427
1735073 173.5 7.393e-12 0.408
1735074 174.0 7.067e-12 0.438
1735075 174.5 6.755e-12 0.488
1735076 175.0 6.457e-12 0.435
1735077 175.5 6.178e-12 0.407
1735078 176.0 5.915e-12 0.5
1735079 176.5 5.663e-12 0.524
1735080 177.0 5.422e-12 0.74
1735081 177.5 5.191e-12 0.763
1735082 178.0 4.97e-12 0.657
1735083 178.5 4.759e-12 0.772
1735084 179.0 4.557e-12 0.722
1735085 179.5 4.364e-12 0.716
1735086 180.0 4.179e-12 0.689
1735087 180.5 4.008e-12 0.598
1735088 181.0 3.85e-12 0.756
1735089 181.5 3.697e-12 0.737
1735090 182.0 3.551e-12 0.714
1735091 182.5 3.41e-12 0.693
1735092 183.0 3.276e-12 0.549
1735093 183.5 3.146e-12 0.439
1735094 184.0 3.022e-12 0.572
1735095 184.5 2.903e-12 0.498
1735096 185.0 2.788e-12 0.404
1735097 185.5 2.678e-12 0.456
1735098 186.0 2.574e-12 0.481
1735099 186.5 2.473e-12 0.623
1735100 187.0 2.377e-12 0.589
1735101 187.5 2.284e-12 0.59
1735102 188.0 2.195e-12 0.624
1735103 188.5 2.109e-12 0.71
1735104 189.0 2.027e-12 0.597
1735105 189.5 1.948e-12 0.582
1735106 190.0 1.873e-12 0.616
1735107 190.5 1.801e-12 0.52
1735108 191.0 1.734e-12 0.701
1735109 191.5 1.669e-12 0.742
1735110 192.0 1.606e-12 0.589
1735111 192.5 1.546e-12 0.664
1735112 193.0 1.488e-12 0.733
1735113 193.5 1.433e-12 0.812
1735114 194.0 1.379e-12 0.839
1735115 194.5 1.328e-12 0.802
1735116 195.0 1.278e-12 0.847
1735117 195.5 1.232e-12 0.873
1735118 196.0 1.188e-12 0.918
1735119 196.5 1.146e-12 0.931
1735120 197.0 1.105e-12 1.023
1735121 197.5 1.066e-12 1.111
1735122 198.0 1.028e-12 1.036
1735123 198.5 9.921e-13 0.923
1735124 199.0 9.57e-13 0.819
1735125 199.5 9.232e-13 0.771
1735126 200.0 8.906e-13 0.663
