 HgtMOLA Denkgm3 DensP
1849813 0.0 0.01466 0.996
1849814 0.5 0.01394 0.994
1849815 1.0 0.01327 0.987
1849816 1.5 0.01274 0.992
1849817 2.0 0.01223 0.98
1849818 2.5 0.01171 0.977
1849819 3.0 0.01122 0.98
1849820 3.5 0.01073 0.988
1849821 4.0 0.01027 0.979
1849822 4.5 0.00982 0.988
1849823 5.0 0.009393 0.982
1849824 5.5 0.008985 0.98
1849825 6.0 0.008594 0.975
1849826 6.5 0.008223 0.978
1849827 7.0 0.007868 0.996
1849828 7.5 0.00753 1.001
1849829 8.0 0.007206 1.007
1849830 8.5 0.006897 1.007
1849831 9.0 0.006602 1.012
1849832 9.5 0.006318 1.018
1849833 10.0 0.006047 1.036
1849834 10.5 0.005785 1.033
1849835 11.0 0.005535 1.039
1849836 11.5 0.005295 1.019
1849837 12.0 0.005067 1.02
1849838 12.5 0.004848 1.016
1849839 13.0 0.004639 1.02
1849840 13.5 0.004439 1.001
1849841 14.0 0.004248 1.018
1849842 14.5 0.004065 1.007
1849843 15.0 0.003891 1.004
1849844 15.5 0.003712 1.008
1849845 16.0 0.003541 1.024
1849846 16.5 0.003379 1.012
1849847 17.0 0.003224 1.013
1849848 17.5 0.003076 1.012
1849849 18.0 0.002935 1.007
1849850 18.5 0.002801 1.009
1849851 19.0 0.002672 1.02
1849852 19.5 0.00255 1.027
1849853 20.0 0.002434 1.026
1849854 20.5 0.002313 1.019
1849855 21.0 0.002198 1.01
1849856 21.5 0.002089 1.013
1849857 22.0 0.001985 1.013
1849858 22.5 0.001887 1.012
1849859 23.0 0.001793 0.995
1849860 23.5 0.001704 0.999
1849861 24.0 0.00162 1.014
1849862 24.5 0.00154 1.047
1849863 25.0 0.001464 1.047
1849864 25.5 0.001386 1.051
1849865 26.0 0.001313 1.039
1849866 26.5 0.001244 1.04
1849867 27.0 0.001178 1.018
1849868 27.5 0.001116 1.043
1849869 28.0 0.001057 1.007
1849870 28.5 0.001001 0.977
1849871 29.0 0.0009483 0.985
1849872 29.5 0.0008984 1.008
1849873 30.0 0.000851 1.011
1849874 30.5 0.0008045 1.016
1849875 31.0 0.0007606 1.03
1849876 31.5 0.0007191 1.025
1849877 32.0 0.0006798 1.044
1849878 32.5 0.0006427 1.024
1849879 33.0 0.0006077 1.053
1849880 33.5 0.0005745 1.047
1849881 34.0 0.0005432 1.051
1849882 34.5 0.0005136 1.069
1849883 35.0 0.0004856 1.055
1849884 35.5 0.0004579 1.054
1849885 36.0 0.0004319 1.027
1849886 36.5 0.0004073 1.014
1849887 37.0 0.0003842 1.024
1849888 37.5 0.0003624 1.03
1849889 38.0 0.0003419 1.046
1849890 38.5 0.0003226 1.042
1849891 39.0 0.0003043 1.026
1849892 39.5 0.0002872 1.003
1849893 40.0 0.000271 0.988
1849894 40.5 0.000254 0.995
1849895 41.0 0.0002381 0.991
1849896 41.5 0.0002232 1.008
1849897 42.0 0.0002093 1.006
1849898 42.5 0.0001962 0.987
1849899 43.0 0.000184 0.999
1849900 43.5 0.0001725 1.026
1849901 44.0 0.0001618 1.02
1849902 44.5 0.0001517 1.023
1849903 45.0 0.0001423 1.013
1849904 45.5 0.0001322 1.031
1849905 46.0 0.0001228 1.072
1849906 46.5 0.0001141 1.118
1849907 47.0 0.000106 1.099
1849908 47.5 9.848e-05 1.101
1849909 48.0 9.15e-05 1.136
1849910 48.5 8.501e-05 1.107
1849911 49.0 7.899e-05 1.111
1849912 49.5 7.339e-05 1.091
1849913 50.0 6.82e-05 1.073
1849914 50.5 6.294e-05 1.081
1849915 51.0 5.809e-05 1.076
1849916 51.5 5.362e-05 1.069
1849917 52.0 4.949e-05 1.088
1849918 52.5 4.568e-05 1.063
1849919 53.0 4.216e-05 1.09
1849920 53.5 3.892e-05 1.068
1849921 54.0 3.592e-05 1.053
1849922 54.5 3.316e-05 1.059
1849923 55.0 3.061e-05 1.029
1849924 55.5 2.859e-05 1.049
1849925 56.0 2.67e-05 1.074
1849926 56.5 2.494e-05 1.055
1849927 57.0 2.33e-05 1.0
1849928 57.5 2.177e-05 0.99
1849929 58.0 2.033e-05 0.975
1849930 58.5 1.899e-05 1.063
1849931 59.0 1.774e-05 1.037
1849932 59.5 1.657e-05 1.042
1849933 60.0 1.548e-05 1.036
1849934 60.5 1.454e-05 1.049
1849935 61.0 1.366e-05 1.116
1849936 61.5 1.283e-05 1.092
1849937 62.0 1.205e-05 1.033
1849938 62.5 1.132e-05 1.04
1849939 63.0 1.064e-05 1.022
1849940 63.5 9.99e-06 1.024
1849941 64.0 9.385e-06 0.999
1849942 64.5 8.816e-06 0.981
1849943 65.0 8.297e-06 0.965
1849944 65.5 7.774e-06 0.976
1849945 66.0 7.285e-06 1.018
1849946 66.5 6.827e-06 1.07
1849947 67.0 6.398e-06 1.088
1849948 67.5 5.996e-06 1.133
1849949 68.0 5.619e-06 1.089
1849950 68.5 5.267e-06 1.134
1849951 69.0 4.936e-06 1.115
1849952 69.5 4.627e-06 1.111
1849953 70.0 4.352e-06 1.075
1849954 70.5 4.07e-06 1.029
1849955 71.0 3.806e-06 1.024
1849956 71.5 3.559e-06 0.969
1849957 72.0 3.328e-06 0.987
1849958 72.5 3.112e-06 0.966
1849959 73.0 2.911e-06 0.905
1849960 73.5 2.722e-06 0.863
1849961 74.0 2.546e-06 0.837
1849962 74.5 2.381e-06 0.775
1849963 75.0 2.226e-06 0.825
1849964 75.5 2.07e-06 0.838
1849965 76.0 1.925e-06 0.83
1849966 76.5 1.791e-06 0.754
1849967 77.0 1.666e-06 0.775
1849968 77.5 1.551e-06 0.835
1849969 78.0 1.444e-06 0.841
1849970 78.5 1.345e-06 0.825
1849971 79.0 1.253e-06 0.715
1849972 79.5 1.168e-06 0.807
1849973 80.0 1.089e-06 0.85
1849974 80.5 1.017e-06 0.811
1849975 81.0 9.512e-07 0.803
1849976 81.5 8.895e-07 0.802
1849977 82.0 8.319e-07 0.787
1849978 82.5 7.78e-07 0.787
1849979 83.0 7.276e-07 0.773
1849980 83.5 6.805e-07 0.854
1849981 84.0 6.364e-07 0.793
1849982 84.5 5.953e-07 0.766
1849983 85.0 5.568e-07 0.682
1849984 85.5 5.2e-07 0.671
1849985 86.0 4.85e-07 0.681
1849986 86.5 4.524e-07 0.699
1849987 87.0 4.22e-07 0.794
1849988 87.5 3.936e-07 0.8
1849989 88.0 3.672e-07 0.846
1849990 88.5 3.425e-07 0.817
1849991 89.0 3.195e-07 0.804
1849992 89.5 2.981e-07 0.895
1849993 90.0 2.781e-07 0.716
1849994 90.5 2.589e-07 0.698
1849995 91.0 2.407e-07 0.755
1849996 91.5 2.237e-07 0.782
1849997 92.0 2.08e-07 0.732
1849998 92.5 1.933e-07 0.822
1849999 93.0 1.797e-07 0.788
1850000 93.5 1.67e-07 0.781
1850001 94.0 1.553e-07 0.577
1850002 94.5 1.444e-07 0.512
1850003 95.0 1.342e-07 0.655
1850004 95.5 1.246e-07 0.835
1850005 96.0 1.155e-07 0.876
1850006 96.5 1.071e-07 0.878
1850007 97.0 9.93e-08 0.986
1850008 97.5 9.207e-08 0.938
1850009 98.0 8.538e-08 0.969
1850010 98.5 7.917e-08 1.092
1850011 99.0 7.341e-08 1.0
1850012 99.5 6.808e-08 1.037
1850013 100.0 6.314e-08 0.948
1850014 100.5 5.852e-08 1.063
1850015 101.0 5.421e-08 1.115
1850016 101.5 5.022e-08 1.187
1850017 102.0 4.652e-08 1.139
1850018 102.5 4.31e-08 1.051
1850019 103.0 3.992e-08 1.104
1850020 103.5 3.698e-08 1.122
1850021 104.0 3.426e-08 1.154
1850022 104.5 3.174e-08 1.269
1850023 105.0 2.94e-08 1.233
1850024 105.5 2.719e-08 1.18
1850025 106.0 2.511e-08 1.388
1850026 106.5 2.318e-08 1.386
1850027 107.0 2.141e-08 1.266
1850028 107.5 1.977e-08 1.195
1850029 108.0 1.825e-08 1.35
1850030 108.5 1.686e-08 1.31
1850031 109.0 1.557e-08 1.205
1850032 109.5 1.438e-08 1.344
1850033 110.0 1.328e-08 1.277
1850034 110.5 1.226e-08 1.031
1850035 111.0 1.131e-08 0.794
1850036 111.5 1.043e-08 0.885
1850037 112.0 9.628e-09 0.828
1850038 112.5 8.885e-09 0.816
1850039 113.0 8.199e-09 0.717
1850040 113.5 7.566e-09 0.814
1850041 114.0 6.983e-09 0.828
1850042 114.5 6.444e-09 0.763
1850043 115.0 5.947e-09 0.725
1850044 115.5 5.508e-09 0.809
1850045 116.0 5.115e-09 0.698
1850046 116.5 4.751e-09 0.775
1850047 117.0 4.413e-09 0.842
1850048 117.5 4.1e-09 0.982
1850049 118.0 3.809e-09 0.926
1850050 118.5 3.538e-09 1.078
1850051 119.0 3.288e-09 1.032
1850052 119.5 3.055e-09 0.914
1850053 120.0 2.839e-09 0.878
1850054 120.5 2.642e-09 0.868
1850055 121.0 2.462e-09 0.717
1850056 121.5 2.294e-09 0.628
1850057 122.0 2.138e-09 0.554
1850058 122.5 1.992e-09 0.611
1850059 123.0 1.857e-09 0.506
1850060 123.5 1.731e-09 0.351
1850061 124.0 1.613e-09 0.421
1850062 124.5 1.504e-09 0.413
1850063 125.0 1.402e-09 0.647
1850064 125.5 1.31e-09 0.817
1850065 126.0 1.227e-09 0.856
1850066 126.5 1.15e-09 0.675
1850067 127.0 1.077e-09 0.53
1850068 127.5 1.009e-09 0.406
1850069 128.0 9.451e-10 0.407
1850070 128.5 8.854e-10 0.338
1850071 129.0 8.295e-10 0.464
1850072 129.5 7.772e-10 0.536
1850073 130.0 7.281e-10 0.664
1850074 130.5 6.839e-10 0.659
1850075 131.0 6.437e-10 0.65
1850076 131.5 6.059e-10 0.717
1850077 132.0 5.703e-10 0.713
1850078 132.5 5.368e-10 0.965
1850079 133.0 5.053e-10 0.993
1850080 133.5 4.757e-10 0.979
1850081 134.0 4.478e-10 1.074
1850082 134.5 4.215e-10 0.951
1850083 135.0 3.968e-10 1.093
1850084 135.5 3.739e-10 1.232
1850085 136.0 3.527e-10 1.045
1850086 136.5 3.327e-10 1.235
1850087 137.0 3.139e-10 1.072
1850088 137.5 2.961e-10 0.93
1850089 138.0 2.793e-10 1.197
1850090 138.5 2.635e-10 1.151
1850091 139.0 2.485e-10 1.115
1850092 139.5 2.344e-10 1.272
1850093 140.0 2.212e-10 1.117
1850094 140.5 2.089e-10 0.871
1850095 141.0 1.976e-10 1.016
1850096 141.5 1.869e-10 0.955
1850097 142.0 1.768e-10 1.14
1850098 142.5 1.672e-10 1.107
1850099 143.0 1.582e-10 1.142
1850100 143.5 1.496e-10 1.15
1850101 144.0 1.415e-10 0.977
1850102 144.5 1.339e-10 0.896
1850103 145.0 1.266e-10 0.91
1850104 145.5 1.199e-10 0.879
1850105 146.0 1.137e-10 0.877
1850106 146.5 1.078e-10 0.877
1850107 147.0 1.022e-10 0.974
1850108 147.5 9.686e-11 0.873
1850109 148.0 9.182e-11 0.71
1850110 148.5 8.705e-11 0.764
1850111 149.0 8.252e-11 0.722
1850112 149.5 7.823e-11 0.874
1850113 150.0 7.416e-11 0.796
1850114 150.5 7.037e-11 0.802
1850115 151.0 6.681e-11 0.913
1850116 151.5 6.344e-11 0.911
1850117 152.0 6.023e-11 0.92
1850118 152.5 5.719e-11 0.844
1850119 153.0 5.43e-11 0.849
1850120 153.5 5.156e-11 0.76
1850121 154.0 4.896e-11 0.841
1850122 154.5 4.649e-11 0.774
1850123 155.0 4.414e-11 0.779
1850124 155.5 4.194e-11 0.968
1850125 156.0 3.987e-11 0.987
1850126 156.5 3.79e-11 1.141
1850127 157.0 3.603e-11 1.384
1850128 157.5 3.425e-11 1.261
1850129 158.0 3.256e-11 1.043
1850130 158.5 3.095e-11 1.152
1850131 159.0 2.942e-11 0.914
1850132 159.5 2.797e-11 0.918
1850133 160.0 2.659e-11 0.634
1850134 160.5 2.531e-11 0.713
1850135 161.0 2.41e-11 0.814
1850136 161.5 2.295e-11 0.625
1850137 162.0 2.185e-11 0.53
1850138 162.5 2.081e-11 0.492
1850139 163.0 1.982e-11 0.635
1850140 163.5 1.887e-11 0.73
1850141 164.0 1.797e-11 1.081
1850142 164.5 1.712e-11 1.171
1850143 165.0 1.63e-11 1.31
1850144 165.5 1.554e-11 1.358
1850145 166.0 1.482e-11 1.571
1850146 166.5 1.414e-11 1.791
1850147 167.0 1.348e-11 1.637
1850148 167.5 1.286e-11 1.742
1850149 168.0 1.227e-11 1.688
1850150 168.5 1.17e-11 1.415
1850151 169.0 1.116e-11 1.545
1850152 169.5 1.065e-11 1.435
1850153 170.0 1.016e-11 1.284
1850154 170.5 9.699e-12 1.254
1850155 171.0 9.269e-12 1.306
1850156 171.5 8.858e-12 1.41
1850157 172.0 8.466e-12 1.408
1850158 172.5 8.092e-12 1.391
1850159 173.0 7.734e-12 1.169
1850160 173.5 7.393e-12 1.201
1850161 174.0 7.067e-12 1.004
1850162 174.5 6.755e-12 0.914
1850163 175.0 6.457e-12 0.84
1850164 175.5 6.178e-12 0.784
1850165 176.0 5.915e-12 0.822
1850166 176.5 5.663e-12 0.855
1850167 177.0 5.422e-12 0.754
1850168 177.5 5.191e-12 0.755
1850169 178.0 4.97e-12 0.935
1850170 178.5 4.759e-12 0.974
1850171 179.0 4.557e-12 0.998
1850172 179.5 4.364e-12 0.965
1850173 180.0 4.179e-12 1.05
1850174 180.5 4.008e-12 0.908
1850175 181.0 3.85e-12 0.808
1850176 181.5 3.697e-12 0.829
1850177 182.0 3.551e-12 0.995
1850178 182.5 3.41e-12 0.973
1850179 183.0 3.276e-12 0.889
1850180 183.5 3.146e-12 0.881
1850181 184.0 3.022e-12 0.97
1850182 184.5 2.903e-12 0.941
1850183 185.0 2.788e-12 0.799
1850184 185.5 2.678e-12 0.896
1850185 186.0 2.574e-12 1.114
1850186 186.5 2.473e-12 1.171
1850187 187.0 2.377e-12 1.132
1850188 187.5 2.284e-12 1.082
1850189 188.0 2.195e-12 1.267
1850190 188.5 2.109e-12 1.22
1850191 189.0 2.027e-12 1.275
1850192 189.5 1.948e-12 1.028
1850193 190.0 1.873e-12 0.927
1850194 190.5 1.801e-12 0.829
1850195 191.0 1.734e-12 0.687
1850196 191.5 1.669e-12 0.6
1850197 192.0 1.606e-12 0.792
1850198 192.5 1.546e-12 0.749
1850199 193.0 1.488e-12 0.752
1850200 193.5 1.433e-12 0.695
1850201 194.0 1.379e-12 0.713
1850202 194.5 1.328e-12 0.878
1850203 195.0 1.278e-12 0.831
1850204 195.5 1.232e-12 0.886
1850205 196.0 1.188e-12 1.071
1850206 196.5 1.146e-12 1.095
1850207 197.0 1.105e-12 1.097
1850208 197.5 1.066e-12 0.956
1850209 198.0 1.028e-12 0.955
1850210 198.5 9.921e-13 0.788
1850211 199.0 9.57e-13 0.862
1850212 199.5 9.232e-13 0.871
1850213 200.0 8.906e-13 0.785
