 HgtMOLA Denkgm3 DensP
1906354 0.0 0.01466 0.975
1906355 0.5 0.01394 0.971
1906356 1.0 0.01327 0.97
1906357 1.5 0.01274 0.962
1906358 2.0 0.01223 0.972
1906359 2.5 0.01171 0.969
1906360 3.0 0.01122 0.959
1906361 3.5 0.01073 0.95
1906362 4.0 0.01027 0.96
1906363 4.5 0.00982 0.956
1906364 5.0 0.009393 0.963
1906365 5.5 0.008985 0.962
1906366 6.0 0.008594 0.962
1906367 6.5 0.008223 0.961
1906368 7.0 0.007868 0.972
1906369 7.5 0.00753 0.986
1906370 8.0 0.007206 0.992
1906371 8.5 0.006897 0.999
1906372 9.0 0.006602 1.002
1906373 9.5 0.006318 0.998
1906374 10.0 0.006047 0.983
1906375 10.5 0.005785 0.972
1906376 11.0 0.005535 0.987
1906377 11.5 0.005295 0.975
1906378 12.0 0.005067 0.971
1906379 12.5 0.004848 0.958
1906380 13.0 0.004639 0.944
1906381 13.5 0.004439 0.941
1906382 14.0 0.004248 0.929
1906383 14.5 0.004065 0.934
1906384 15.0 0.003891 0.961
1906385 15.5 0.003712 0.962
1906386 16.0 0.003541 0.974
1906387 16.5 0.003379 0.979
1906388 17.0 0.003224 0.989
1906389 17.5 0.003076 0.992
1906390 18.0 0.002935 0.975
1906391 18.5 0.002801 0.991
1906392 19.0 0.002672 0.972
1906393 19.5 0.00255 0.974
1906394 20.0 0.002434 0.969
1906395 20.5 0.002313 0.98
1906396 21.0 0.002198 0.976
1906397 21.5 0.002089 0.974
1906398 22.0 0.001985 0.992
1906399 22.5 0.001887 0.992
1906400 23.0 0.001793 0.996
1906401 23.5 0.001704 1.015
1906402 24.0 0.00162 1.014
1906403 24.5 0.00154 1.008
1906404 25.0 0.001464 1.0
1906405 25.5 0.001386 0.989
1906406 26.0 0.001313 0.996
1906407 26.5 0.001244 0.98
1906408 27.0 0.001178 0.97
1906409 27.5 0.001116 0.991
1906410 28.0 0.001057 0.985
1906411 28.5 0.001001 0.98
1906412 29.0 0.0009483 0.98
1906413 29.5 0.0008984 1.004
1906414 30.0 0.000851 0.989
1906415 30.5 0.0008045 0.988
1906416 31.0 0.0007606 1.008
1906417 31.5 0.0007191 0.994
1906418 32.0 0.0006798 0.986
1906419 32.5 0.0006427 0.977
1906420 33.0 0.0006077 0.945
1906421 33.5 0.0005745 0.93
1906422 34.0 0.0005432 0.949
1906423 34.5 0.0005136 0.977
1906424 35.0 0.0004856 0.977
1906425 35.5 0.0004579 0.97
1906426 36.0 0.0004319 0.962
1906427 36.5 0.0004073 0.967
1906428 37.0 0.0003842 0.967
1906429 37.5 0.0003624 0.976
1906430 38.0 0.0003419 0.967
1906431 38.5 0.0003226 0.958
1906432 39.0 0.0003043 0.953
1906433 39.5 0.0002872 0.943
1906434 40.0 0.000271 0.949
1906435 40.5 0.000254 0.968
1906436 41.0 0.0002381 0.951
1906437 41.5 0.0002232 0.969
1906438 42.0 0.0002093 0.957
1906439 42.5 0.0001962 0.959
1906440 43.0 0.000184 0.925
1906441 43.5 0.0001725 0.922
1906442 44.0 0.0001618 0.945
1906443 44.5 0.0001517 0.913
1906444 45.0 0.0001423 0.93
1906445 45.5 0.0001322 0.988
1906446 46.0 0.0001228 1.001
1906447 46.5 0.0001141 1.033
1906448 47.0 0.000106 1.049
1906449 47.5 9.848e-05 1.016
1906450 48.0 9.15e-05 1.013
1906451 48.5 8.501e-05 0.983
1906452 49.0 7.899e-05 0.992
1906453 49.5 7.339e-05 0.962
1906454 50.0 6.82e-05 0.954
1906455 50.5 6.294e-05 0.996
1906456 51.0 5.809e-05 1.003
1906457 51.5 5.362e-05 0.991
1906458 52.0 4.949e-05 1.006
1906459 52.5 4.568e-05 1.054
1906460 53.0 4.216e-05 1.014
1906461 53.5 3.892e-05 1.005
1906462 54.0 3.592e-05 0.978
1906463 54.5 3.316e-05 0.981
1906464 55.0 3.061e-05 0.973
1906465 55.5 2.859e-05 1.023
1906466 56.0 2.67e-05 1.059
1906467 56.5 2.494e-05 1.058
1906468 57.0 2.33e-05 1.099
1906469 57.5 2.177e-05 1.066
1906470 58.0 2.033e-05 1.026
1906471 58.5 1.899e-05 1.068
1906472 59.0 1.774e-05 1.079
1906473 59.5 1.657e-05 1.061
1906474 60.0 1.548e-05 1.078
1906475 60.5 1.454e-05 1.109
1906476 61.0 1.366e-05 1.109
1906477 61.5 1.283e-05 1.089
1906478 62.0 1.205e-05 1.121
1906479 62.5 1.132e-05 1.137
1906480 63.0 1.064e-05 1.185
1906481 63.5 9.99e-06 1.115
1906482 64.0 9.385e-06 1.092
1906483 64.5 8.816e-06 1.042
1906484 65.0 8.297e-06 1.038
1906485 65.5 7.774e-06 1.03
1906486 66.0 7.285e-06 0.989
1906487 66.5 6.827e-06 1.082
1906488 67.0 6.398e-06 1.141
1906489 67.5 5.996e-06 1.106
1906490 68.0 5.619e-06 1.191
1906491 68.5 5.267e-06 1.198
1906492 69.0 4.936e-06 1.167
1906493 69.5 4.627e-06 1.148
1906494 70.0 4.352e-06 1.165
1906495 70.5 4.07e-06 1.185
1906496 71.0 3.806e-06 1.144
1906497 71.5 3.559e-06 1.195
1906498 72.0 3.328e-06 1.303
1906499 72.5 3.112e-06 1.29
1906500 73.0 2.911e-06 1.333
1906501 73.5 2.722e-06 1.382
1906502 74.0 2.546e-06 1.387
1906503 74.5 2.381e-06 1.452
1906504 75.0 2.226e-06 1.44
1906505 75.5 2.07e-06 1.308
1906506 76.0 1.925e-06 1.253
1906507 76.5 1.791e-06 1.232
1906508 77.0 1.666e-06 1.206
1906509 77.5 1.551e-06 1.248
1906510 78.0 1.444e-06 1.18
1906511 78.5 1.345e-06 1.103
1906512 79.0 1.253e-06 1.066
1906513 79.5 1.168e-06 1.021
1906514 80.0 1.089e-06 1.094
1906515 80.5 1.017e-06 1.082
1906516 81.0 9.512e-07 1.077
1906517 81.5 8.895e-07 1.063
1906518 82.0 8.319e-07 1.092
1906519 82.5 7.78e-07 1.016
1906520 83.0 7.276e-07 1.147
1906521 83.5 6.805e-07 1.209
1906522 84.0 6.364e-07 1.228
1906523 84.5 5.953e-07 1.32
1906524 85.0 5.568e-07 1.409
1906525 85.5 5.2e-07 1.308
1906526 86.0 4.85e-07 1.334
1906527 86.5 4.524e-07 1.375
1906528 87.0 4.22e-07 1.417
1906529 87.5 3.936e-07 1.438
1906530 88.0 3.672e-07 1.541
1906531 88.5 3.425e-07 1.586
1906532 89.0 3.195e-07 1.583
1906533 89.5 2.981e-07 1.537
1906534 90.0 2.781e-07 1.489
1906535 90.5 2.589e-07 1.459
1906536 91.0 2.407e-07 1.456
1906537 91.5 2.237e-07 1.389
1906538 92.0 2.08e-07 1.385
1906539 92.5 1.933e-07 1.376
1906540 93.0 1.797e-07 1.392
1906541 93.5 1.67e-07 1.224
1906542 94.0 1.553e-07 1.26
1906543 94.5 1.444e-07 1.153
1906544 95.0 1.342e-07 1.086
1906545 95.5 1.246e-07 1.021
1906546 96.0 1.155e-07 1.044
1906547 96.5 1.071e-07 1.037
1906548 97.0 9.93e-08 1.118
1906549 97.5 9.207e-08 1.11
1906550 98.0 8.538e-08 1.184
1906551 98.5 7.917e-08 1.054
1906552 99.0 7.341e-08 1.148
1906553 99.5 6.808e-08 1.223
1906554 100.0 6.314e-08 1.231
1906555 100.5 5.852e-08 1.28
1906556 101.0 5.421e-08 1.311
1906557 101.5 5.022e-08 1.264
1906558 102.0 4.652e-08 1.354
1906559 102.5 4.31e-08 1.323
1906560 103.0 3.992e-08 1.284
1906561 103.5 3.698e-08 1.29
1906562 104.0 3.426e-08 1.294
1906563 104.5 3.174e-08 1.279
1906564 105.0 2.94e-08 1.171
1906565 105.5 2.719e-08 1.308
1906566 106.0 2.511e-08 1.227
1906567 106.5 2.318e-08 1.237
1906568 107.0 2.141e-08 1.327
1906569 107.5 1.977e-08 0.986
1906570 108.0 1.825e-08 0.923
1906571 108.5 1.686e-08 1.225
1906572 109.0 1.557e-08 1.259
1906573 109.5 1.438e-08 1.266
1906574 110.0 1.328e-08 1.135
1906575 110.5 1.226e-08 1.166
1906576 111.0 1.131e-08 1.332
1906577 111.5 1.043e-08 1.226
1906578 112.0 9.628e-09 1.27
1906579 112.5 8.885e-09 1.162
1906580 113.0 8.199e-09 1.12
1906581 113.5 7.566e-09 1.019
1906582 114.0 6.983e-09 0.961
1906583 114.5 6.444e-09 1.105
1906584 115.0 5.947e-09 0.953
1906585 115.5 5.508e-09 0.893
1906586 116.0 5.115e-09 0.76
1906587 116.5 4.751e-09 0.784
1906588 117.0 4.413e-09 0.732
1906589 117.5 4.1e-09 0.734
1906590 118.0 3.809e-09 0.699
1906591 118.5 3.538e-09 0.636
1906592 119.0 3.288e-09 0.696
1906593 119.5 3.055e-09 0.675
1906594 120.0 2.839e-09 0.823
1906595 120.5 2.642e-09 0.87
1906596 121.0 2.462e-09 0.794
1906597 121.5 2.294e-09 0.783
1906598 122.0 2.138e-09 0.841
1906599 122.5 1.992e-09 0.928
1906600 123.0 1.857e-09 0.878
1906601 123.5 1.731e-09 0.85
1906602 124.0 1.613e-09 0.975
1906603 124.5 1.504e-09 0.991
1906604 125.0 1.402e-09 0.933
1906605 125.5 1.31e-09 1.242
1906606 126.0 1.227e-09 1.46
1906607 126.5 1.15e-09 1.566
1906608 127.0 1.077e-09 1.197
1906609 127.5 1.009e-09 1.019
1906610 128.0 9.451e-10 0.903
1906611 128.5 8.854e-10 0.886
1906612 129.0 8.295e-10 0.916
1906613 129.5 7.772e-10 0.754
1906614 130.0 7.281e-10 0.825
1906615 130.5 6.839e-10 0.898
1906616 131.0 6.437e-10 0.848
1906617 131.5 6.059e-10 0.858
1906618 132.0 5.703e-10 0.854
1906619 132.5 5.368e-10 0.897
1906620 133.0 5.053e-10 0.889
1906621 133.5 4.757e-10 0.862
1906622 134.0 4.478e-10 0.804
1906623 134.5 4.215e-10 0.705
1906624 135.0 3.968e-10 0.676
1906625 135.5 3.739e-10 0.561
1906626 136.0 3.527e-10 0.445
1906627 136.5 3.327e-10 0.647
1906628 137.0 3.139e-10 0.782
1906629 137.5 2.961e-10 0.864
1906630 138.0 2.793e-10 1.009
1906631 138.5 2.635e-10 0.936
1906632 139.0 2.485e-10 0.791
1906633 139.5 2.344e-10 0.794
1906634 140.0 2.212e-10 1.034
1906635 140.5 2.089e-10 0.992
1906636 141.0 1.976e-10 1.132
1906637 141.5 1.869e-10 1.048
1906638 142.0 1.768e-10 0.855
1906639 142.5 1.672e-10 1.0
1906640 143.0 1.582e-10 1.109
1906641 143.5 1.496e-10 1.127
1906642 144.0 1.415e-10 1.085
1906643 144.5 1.339e-10 0.957
1906644 145.0 1.266e-10 1.054
1906645 145.5 1.199e-10 1.044
1906646 146.0 1.137e-10 0.815
1906647 146.5 1.078e-10 0.921
1906648 147.0 1.022e-10 1.127
1906649 147.5 9.686e-11 1.002
1906650 148.0 9.182e-11 1.074
1906651 148.5 8.705e-11 1.077
1906652 149.0 8.252e-11 1.072
1906653 149.5 7.823e-11 1.048
1906654 150.0 7.416e-11 0.974
1906655 150.5 7.037e-11 0.999
1906656 151.0 6.681e-11 1.018
1906657 151.5 6.344e-11 1.193
1906658 152.0 6.023e-11 1.085
1906659 152.5 5.719e-11 0.943
1906660 153.0 5.43e-11 0.943
1906661 153.5 5.156e-11 1.027
1906662 154.0 4.896e-11 0.996
1906663 154.5 4.649e-11 1.142
1906664 155.0 4.414e-11 1.042
1906665 155.5 4.194e-11 0.943
1906666 156.0 3.987e-11 0.997
1906667 156.5 3.79e-11 1.17
1906668 157.0 3.603e-11 0.977
1906669 157.5 3.425e-11 0.985
1906670 158.0 3.256e-11 0.796
1906671 158.5 3.095e-11 0.762
1906672 159.0 2.942e-11 0.848
1906673 159.5 2.797e-11 0.855
1906674 160.0 2.659e-11 0.889
1906675 160.5 2.531e-11 0.735
1906676 161.0 2.41e-11 0.69
1906677 161.5 2.295e-11 0.69
1906678 162.0 2.185e-11 0.889
1906679 162.5 2.081e-11 0.957
1906680 163.0 1.982e-11 0.835
1906681 163.5 1.887e-11 0.885
1906682 164.0 1.797e-11 0.863
1906683 164.5 1.712e-11 0.962
1906684 165.0 1.63e-11 1.082
1906685 165.5 1.554e-11 0.866
1906686 166.0 1.482e-11 0.751
1906687 166.5 1.414e-11 0.789
1906688 167.0 1.348e-11 0.762
1906689 167.5 1.286e-11 0.598
1906690 168.0 1.227e-11 0.574
1906691 168.5 1.17e-11 0.379
1906692 169.0 1.116e-11 0.366
1906693 169.5 1.065e-11 0.365
1906694 170.0 1.016e-11 0.333
1906695 170.5 9.699e-12 0.336
1906696 171.0 9.269e-12 0.512
1906697 171.5 8.858e-12 0.526
1906698 172.0 8.466e-12 0.628
1906699 172.5 8.092e-12 0.541
1906700 173.0 7.734e-12 0.45
1906701 173.5 7.393e-12 0.566
1906702 174.0 7.067e-12 0.503
1906703 174.5 6.755e-12 0.531
1906704 175.0 6.457e-12 0.563
1906705 175.5 6.178e-12 0.441
1906706 176.0 5.915e-12 0.478
1906707 176.5 5.663e-12 0.527
1906708 177.0 5.422e-12 0.698
1906709 177.5 5.191e-12 0.731
1906710 178.0 4.97e-12 0.776
1906711 178.5 4.759e-12 0.882
1906712 179.0 4.557e-12 0.97
1906713 179.5 4.364e-12 0.916
1906714 180.0 4.179e-12 0.895
1906715 180.5 4.008e-12 0.863
1906716 181.0 3.85e-12 0.822
1906717 181.5 3.697e-12 0.878
1906718 182.0 3.551e-12 0.981
1906719 182.5 3.41e-12 1.024
1906720 183.0 3.276e-12 1.027
1906721 183.5 3.146e-12 0.936
1906722 184.0 3.022e-12 1.081
1906723 184.5 2.903e-12 0.933
1906724 185.0 2.788e-12 1.045
1906725 185.5 2.678e-12 0.823
1906726 186.0 2.574e-12 0.893
1906727 186.5 2.473e-12 0.867
1906728 187.0 2.377e-12 0.698
1906729 187.5 2.284e-12 0.778
1906730 188.0 2.195e-12 0.774
1906731 188.5 2.109e-12 0.637
1906732 189.0 2.027e-12 0.732
1906733 189.5 1.948e-12 0.859
1906734 190.0 1.873e-12 0.992
1906735 190.5 1.801e-12 0.834
1906736 191.0 1.734e-12 0.657
1906737 191.5 1.669e-12 0.524
1906738 192.0 1.606e-12 0.599
1906739 192.5 1.546e-12 0.48
1906740 193.0 1.488e-12 0.225
1906741 193.5 1.433e-12 0.36
1906742 194.0 1.379e-12 0.464
1906743 194.5 1.328e-12 0.597
1906744 195.0 1.278e-12 0.543
1906745 195.5 1.232e-12 0.621
1906746 196.0 1.188e-12 0.595
1906747 196.5 1.146e-12 0.679
1906748 197.0 1.105e-12 0.99
1906749 197.5 1.066e-12 0.954
1906750 198.0 1.028e-12 0.993
1906751 198.5 9.921e-13 0.996
1906752 199.0 9.57e-13 1.324
1906753 199.5 9.232e-13 1.313
1906754 200.0 8.906e-13 1.396
