 HgtMOLA Denkgm3 DensP
1924800 0.0 0.01466 0.985
1924801 0.5 0.01394 0.982
1924802 1.0 0.01327 0.989
1924803 1.5 0.01274 0.987
1924804 2.0 0.01223 0.991
1924805 2.5 0.01171 0.995
1924806 3.0 0.01122 0.987
1924807 3.5 0.01073 0.985
1924808 4.0 0.01027 1.001
1924809 4.5 0.00982 0.989
1924810 5.0 0.009393 0.99
1924811 5.5 0.008985 0.992
1924812 6.0 0.008594 0.989
1924813 6.5 0.008223 0.985
1924814 7.0 0.007868 0.987
1924815 7.5 0.00753 0.981
1924816 8.0 0.007206 0.975
1924817 8.5 0.006897 0.97
1924818 9.0 0.006602 0.972
1924819 9.5 0.006318 0.976
1924820 10.0 0.006047 0.973
1924821 10.5 0.005785 0.979
1924822 11.0 0.005535 0.983
1924823 11.5 0.005295 0.993
1924824 12.0 0.005067 0.997
1924825 12.5 0.004848 1.006
1924826 13.0 0.004639 0.993
1924827 13.5 0.004439 0.986
1924828 14.0 0.004248 0.981
1924829 14.5 0.004065 0.966
1924830 15.0 0.003891 0.969
1924831 15.5 0.003712 0.979
1924832 16.0 0.003541 0.982
1924833 16.5 0.003379 0.974
1924834 17.0 0.003224 0.969
1924835 17.5 0.003076 0.976
1924836 18.0 0.002935 0.971
1924837 18.5 0.002801 0.97
1924838 19.0 0.002672 0.961
1924839 19.5 0.00255 0.957
1924840 20.0 0.002434 0.963
1924841 20.5 0.002313 0.947
1924842 21.0 0.002198 0.943
1924843 21.5 0.002089 0.931
1924844 22.0 0.001985 0.929
1924845 22.5 0.001887 0.946
1924846 23.0 0.001793 0.95
1924847 23.5 0.001704 0.949
1924848 24.0 0.00162 0.946
1924849 24.5 0.00154 0.94
1924850 25.0 0.001464 0.935
1924851 25.5 0.001386 0.928
1924852 26.0 0.001313 0.93
1924853 26.5 0.001244 0.946
1924854 27.0 0.001178 0.941
1924855 27.5 0.001116 0.933
1924856 28.0 0.001057 0.948
1924857 28.5 0.001001 0.947
1924858 29.0 0.0009483 0.953
1924859 29.5 0.0008984 0.967
1924860 30.0 0.000851 0.972
1924861 30.5 0.0008045 0.988
1924862 31.0 0.0007606 0.97
1924863 31.5 0.0007191 0.99
1924864 32.0 0.0006798 0.97
1924865 32.5 0.0006427 0.974
1924866 33.0 0.0006077 0.964
1924867 33.5 0.0005745 0.987
1924868 34.0 0.0005432 0.977
1924869 34.5 0.0005136 0.996
1924870 35.0 0.0004856 1.0
1924871 35.5 0.0004579 1.006
1924872 36.0 0.0004319 1.003
1924873 36.5 0.0004073 0.992
1924874 37.0 0.0003842 1.002
1924875 37.5 0.0003624 0.983
1924876 38.0 0.0003419 0.981
1924877 38.5 0.0003226 0.982
1924878 39.0 0.0003043 0.99
1924879 39.5 0.0002872 0.988
1924880 40.0 0.000271 1.007
1924881 40.5 0.000254 1.003
1924882 41.0 0.0002381 0.983
1924883 41.5 0.0002232 0.993
1924884 42.0 0.0002093 0.99
1924885 42.5 0.0001962 1.01
1924886 43.0 0.000184 0.991
1924887 43.5 0.0001725 0.986
1924888 44.0 0.0001618 1.0
1924889 44.5 0.0001517 0.987
1924890 45.0 0.0001423 0.973
1924891 45.5 0.0001322 0.956
1924892 46.0 0.0001228 0.99
1924893 46.5 0.0001141 0.993
1924894 47.0 0.000106 0.988
1924895 47.5 9.848e-05 1.005
1924896 48.0 9.15e-05 1.022
1924897 48.5 8.501e-05 1.001
1924898 49.0 7.899e-05 1.045
1924899 49.5 7.339e-05 1.059
1924900 50.0 6.82e-05 1.069
1924901 50.5 6.294e-05 1.079
1924902 51.0 5.809e-05 1.104
1924903 51.5 5.362e-05 1.142
1924904 52.0 4.949e-05 1.127
1924905 52.5 4.568e-05 1.163
1924906 53.0 4.216e-05 1.161
1924907 53.5 3.892e-05 1.117
1924908 54.0 3.592e-05 1.115
1924909 54.5 3.316e-05 1.155
1924910 55.0 3.061e-05 1.14
1924911 55.5 2.859e-05 1.098
1924912 56.0 2.67e-05 1.079
1924913 56.5 2.494e-05 1.113
1924914 57.0 2.33e-05 1.097
1924915 57.5 2.177e-05 1.089
1924916 58.0 2.033e-05 1.101
1924917 58.5 1.899e-05 1.115
1924918 59.0 1.774e-05 1.142
1924919 59.5 1.657e-05 1.188
1924920 60.0 1.548e-05 1.155
1924921 60.5 1.454e-05 1.199
1924922 61.0 1.366e-05 1.253
1924923 61.5 1.283e-05 1.213
1924924 62.0 1.205e-05 1.192
1924925 62.5 1.132e-05 1.193
1924926 63.0 1.064e-05 1.237
1924927 63.5 9.99e-06 1.181
1924928 64.0 9.385e-06 1.147
1924929 64.5 8.816e-06 1.155
1924930 65.0 8.297e-06 1.184
1924931 65.5 7.774e-06 1.211
1924932 66.0 7.285e-06 1.203
1924933 66.5 6.827e-06 1.166
1924934 67.0 6.398e-06 1.155
1924935 67.5 5.996e-06 1.067
1924936 68.0 5.619e-06 1.029
1924937 68.5 5.267e-06 1.039
1924938 69.0 4.936e-06 1.082
1924939 69.5 4.627e-06 1.056
1924940 70.0 4.352e-06 1.014
1924941 70.5 4.07e-06 1.069
1924942 71.0 3.806e-06 1.068
1924943 71.5 3.559e-06 1.053
1924944 72.0 3.328e-06 1.108
1924945 72.5 3.112e-06 1.084
1924946 73.0 2.911e-06 1.06
1924947 73.5 2.722e-06 1.078
1924948 74.0 2.546e-06 1.065
1924949 74.5 2.381e-06 1.044
1924950 75.0 2.226e-06 0.971
1924951 75.5 2.07e-06 0.971
1924952 76.0 1.925e-06 1.024
1924953 76.5 1.791e-06 1.002
1924954 77.0 1.666e-06 0.938
1924955 77.5 1.551e-06 0.914
1924956 78.0 1.444e-06 0.907
1924957 78.5 1.345e-06 0.941
1924958 79.0 1.253e-06 0.999
1924959 79.5 1.168e-06 0.919
1924960 80.0 1.089e-06 0.925
1924961 80.5 1.017e-06 0.931
1924962 81.0 9.512e-07 0.933
1924963 81.5 8.895e-07 0.859
1924964 82.0 8.319e-07 0.893
1924965 82.5 7.78e-07 0.923
1924966 83.0 7.276e-07 0.88
1924967 83.5 6.805e-07 0.917
1924968 84.0 6.364e-07 0.787
1924969 84.5 5.953e-07 0.778
1924970 85.0 5.568e-07 0.616
1924971 85.5 5.2e-07 0.643
1924972 86.0 4.85e-07 0.64
1924973 86.5 4.524e-07 0.669
1924974 87.0 4.22e-07 0.747
1924975 87.5 3.936e-07 0.863
1924976 88.0 3.672e-07 0.853
1924977 88.5 3.425e-07 0.92
1924978 89.0 3.195e-07 0.842
1924979 89.5 2.981e-07 0.881
1924980 90.0 2.781e-07 0.899
1924981 90.5 2.589e-07 0.897
1924982 91.0 2.407e-07 0.921
1924983 91.5 2.237e-07 0.89
1924984 92.0 2.08e-07 0.847
1924985 92.5 1.933e-07 0.909
1924986 93.0 1.797e-07 0.902
1924987 93.5 1.67e-07 0.882
1924988 94.0 1.553e-07 0.924
1924989 94.5 1.444e-07 1.049
1924990 95.0 1.342e-07 1.186
1924991 95.5 1.246e-07 0.991
1924992 96.0 1.155e-07 1.035
1924993 96.5 1.071e-07 0.998
1924994 97.0 9.93e-08 1.154
1924995 97.5 9.207e-08 1.294
1924996 98.0 8.538e-08 1.289
1924997 98.5 7.917e-08 1.35
1924998 99.0 7.341e-08 1.374
1924999 99.5 6.808e-08 1.337
1925000 100.0 6.314e-08 1.415
1925001 100.5 5.852e-08 1.56
1925002 101.0 5.421e-08 1.777
1925003 101.5 5.022e-08 1.765
1925004 102.0 4.652e-08 1.863
1925005 102.5 4.31e-08 1.894
1925006 103.0 3.992e-08 1.893
1925007 103.5 3.698e-08 1.709
1925008 104.0 3.426e-08 1.688
1925009 104.5 3.174e-08 1.529
1925010 105.0 2.94e-08 1.562
1925011 105.5 2.719e-08 1.547
1925012 106.0 2.511e-08 1.66
1925013 106.5 2.318e-08 1.62
1925014 107.0 2.141e-08 1.6
1925015 107.5 1.977e-08 1.584
1925016 108.0 1.825e-08 1.312
1925017 108.5 1.686e-08 1.393
1925018 109.0 1.557e-08 1.385
1925019 109.5 1.438e-08 1.294
1925020 110.0 1.328e-08 1.226
1925021 110.5 1.226e-08 1.278
1925022 111.0 1.131e-08 1.351
1925023 111.5 1.043e-08 1.367
1925024 112.0 9.628e-09 1.199
1925025 112.5 8.885e-09 1.089
1925026 113.0 8.199e-09 1.221
1925027 113.5 7.566e-09 0.94
1925028 114.0 6.983e-09 0.97
1925029 114.5 6.444e-09 1.042
1925030 115.0 5.947e-09 1.005
1925031 115.5 5.508e-09 0.986
1925032 116.0 5.115e-09 0.932
1925033 116.5 4.751e-09 0.953
1925034 117.0 4.413e-09 0.999
1925035 117.5 4.1e-09 1.055
1925036 118.0 3.809e-09 0.889
1925037 118.5 3.538e-09 0.983
1925038 119.0 3.288e-09 0.998
1925039 119.5 3.055e-09 0.966
1925040 120.0 2.839e-09 1.023
1925041 120.5 2.642e-09 1.035
1925042 121.0 2.462e-09 1.11
1925043 121.5 2.294e-09 1.051
1925044 122.0 2.138e-09 1.221
1925045 122.5 1.992e-09 1.219
1925046 123.0 1.857e-09 0.998
1925047 123.5 1.731e-09 0.903
1925048 124.0 1.613e-09 0.894
1925049 124.5 1.504e-09 0.983
1925050 125.0 1.402e-09 0.888
1925051 125.5 1.31e-09 0.831
1925052 126.0 1.227e-09 0.744
1925053 126.5 1.15e-09 0.793
1925054 127.0 1.077e-09 0.795
1925055 127.5 1.009e-09 0.682
1925056 128.0 9.451e-10 0.611
1925057 128.5 8.854e-10 0.816
1925058 129.0 8.295e-10 0.9
1925059 129.5 7.772e-10 0.663
1925060 130.0 7.281e-10 0.863
1925061 130.5 6.839e-10 0.868
1925062 131.0 6.437e-10 0.977
1925063 131.5 6.059e-10 1.01
1925064 132.0 5.703e-10 0.872
1925065 132.5 5.368e-10 1.044
1925066 133.0 5.053e-10 1.131
1925067 133.5 4.757e-10 1.041
1925068 134.0 4.478e-10 0.852
1925069 134.5 4.215e-10 0.765
1925070 135.0 3.968e-10 0.906
1925071 135.5 3.739e-10 0.856
1925072 136.0 3.527e-10 0.871
1925073 136.5 3.327e-10 0.883
1925074 137.0 3.139e-10 0.906
1925075 137.5 2.961e-10 0.954
1925076 138.0 2.793e-10 0.875
1925077 138.5 2.635e-10 0.812
1925078 139.0 2.485e-10 0.679
1925079 139.5 2.344e-10 0.589
1925080 140.0 2.212e-10 0.598
1925081 140.5 2.089e-10 0.587
1925082 141.0 1.976e-10 0.571
1925083 141.5 1.869e-10 0.587
1925084 142.0 1.768e-10 0.646
1925085 142.5 1.672e-10 0.774
1925086 143.0 1.582e-10 0.984
1925087 143.5 1.496e-10 0.932
1925088 144.0 1.415e-10 1.004
1925089 144.5 1.339e-10 0.858
1925090 145.0 1.266e-10 0.728
1925091 145.5 1.199e-10 0.656
1925092 146.0 1.137e-10 0.74
1925093 146.5 1.078e-10 0.719
1925094 147.0 1.022e-10 0.76
1925095 147.5 9.686e-11 0.673
1925096 148.0 9.182e-11 0.759
1925097 148.5 8.705e-11 0.667
1925098 149.0 8.252e-11 0.628
1925099 149.5 7.823e-11 0.711
1925100 150.0 7.416e-11 0.748
1925101 150.5 7.037e-11 0.803
1925102 151.0 6.681e-11 0.765
1925103 151.5 6.344e-11 0.688
1925104 152.0 6.023e-11 0.83
1925105 152.5 5.719e-11 0.803
1925106 153.0 5.43e-11 0.834
1925107 153.5 5.156e-11 0.816
1925108 154.0 4.896e-11 0.754
1925109 154.5 4.649e-11 0.697
1925110 155.0 4.414e-11 0.735
1925111 155.5 4.194e-11 0.906
1925112 156.0 3.987e-11 0.9
1925113 156.5 3.79e-11 0.863
1925114 157.0 3.603e-11 0.965
1925115 157.5 3.425e-11 1.081
1925116 158.0 3.256e-11 0.842
1925117 158.5 3.095e-11 0.923
1925118 159.0 2.942e-11 0.881
1925119 159.5 2.797e-11 0.922
1925120 160.0 2.659e-11 0.936
1925121 160.5 2.531e-11 0.974
1925122 161.0 2.41e-11 0.989
1925123 161.5 2.295e-11 0.796
1925124 162.0 2.185e-11 1.009
1925125 162.5 2.081e-11 0.857
1925126 163.0 1.982e-11 0.738
1925127 163.5 1.887e-11 0.733
1925128 164.0 1.797e-11 0.689
1925129 164.5 1.712e-11 0.808
1925130 165.0 1.63e-11 0.726
1925131 165.5 1.554e-11 0.75
1925132 166.0 1.482e-11 0.815
1925133 166.5 1.414e-11 0.727
1925134 167.0 1.348e-11 0.806
1925135 167.5 1.286e-11 0.916
1925136 168.0 1.227e-11 0.918
1925137 168.5 1.17e-11 0.873
1925138 169.0 1.116e-11 0.874
1925139 169.5 1.065e-11 0.933
1925140 170.0 1.016e-11 0.858
1925141 170.5 9.699e-12 1.137
1925142 171.0 9.269e-12 1.221
1925143 171.5 8.858e-12 1.299
1925144 172.0 8.466e-12 1.146
1925145 172.5 8.092e-12 1.167
1925146 173.0 7.734e-12 1.194
1925147 173.5 7.393e-12 1.515
1925148 174.0 7.067e-12 1.494
1925149 174.5 6.755e-12 1.344
1925150 175.0 6.457e-12 1.244
1925151 175.5 6.178e-12 0.907
1925152 176.0 5.915e-12 0.763
1925153 176.5 5.663e-12 0.715
1925154 177.0 5.422e-12 0.723
1925155 177.5 5.191e-12 0.886
1925156 178.0 4.97e-12 0.904
1925157 178.5 4.759e-12 0.91
1925158 179.0 4.557e-12 0.933
1925159 179.5 4.364e-12 0.772
1925160 180.0 4.179e-12 0.722
1925161 180.5 4.008e-12 0.777
1925162 181.0 3.85e-12 0.897
1925163 181.5 3.697e-12 0.849
1925164 182.0 3.551e-12 0.69
1925165 182.5 3.41e-12 0.71
1925166 183.0 3.276e-12 0.766
1925167 183.5 3.146e-12 0.909
1925168 184.0 3.022e-12 0.862
1925169 184.5 2.903e-12 0.975
1925170 185.0 2.788e-12 1.034
1925171 185.5 2.678e-12 0.816
1925172 186.0 2.574e-12 0.547
1925173 186.5 2.473e-12 0.581
1925174 187.0 2.377e-12 0.547
1925175 187.5 2.284e-12 0.667
1925176 188.0 2.195e-12 0.653
1925177 188.5 2.109e-12 0.9
1925178 189.0 2.027e-12 0.832
1925179 189.5 1.948e-12 0.709
1925180 190.0 1.873e-12 0.726
1925181 190.5 1.801e-12 0.779
1925182 191.0 1.734e-12 0.741
1925183 191.5 1.669e-12 0.771
1925184 192.0 1.606e-12 0.731
1925185 192.5 1.546e-12 0.896
1925186 193.0 1.488e-12 0.958
1925187 193.5 1.433e-12 1.059
1925188 194.0 1.379e-12 0.963
1925189 194.5 1.328e-12 1.02
1925190 195.0 1.278e-12 1.082
1925191 195.5 1.232e-12 1.021
1925192 196.0 1.188e-12 1.0
1925193 196.5 1.146e-12 1.118
1925194 197.0 1.105e-12 1.283
1925195 197.5 1.066e-12 1.315
1925196 198.0 1.028e-12 1.279
1925197 198.5 9.921e-13 1.284
1925198 199.0 9.57e-13 1.246
1925199 199.5 9.232e-13 1.418
1925200 200.0 8.906e-13 1.326
