 Hgtkm DensMean DensPert
451125 0.0 1.1656 1.1766
451126 0.5 1.1117 1.1351
451127 1.0 1.06 1.0648
451128 1.5 1.0101 1.0223
451129 2.0 0.96405 0.9563
451130 2.5 0.91875 0.88967
451131 3.0 0.87485 0.86089
451132 3.5 0.83389 0.83268
451133 4.0 0.79521 0.77974
451134 4.5 0.75791 0.73496
451135 5.0 0.72062 0.70779
451136 5.5 0.68516 0.66279
451137 6.0 0.65099 0.6302
451138 6.5 0.61753 0.59646
451139 7.0 0.5858 0.57115
451140 7.5 0.5557 0.54866
451141 8.0 0.52637 0.51207
451142 8.5 0.49854 0.48692
451143 9.0 0.47219 0.46544
451144 9.5 0.44723 0.43984
451145 10.0 0.42223 0.41385
451146 10.5 0.39833 0.39235
451147 11.0 0.37498 0.36862
451148 11.5 0.35148 0.34644
451149 12.0 0.32946 0.32425
451150 12.5 0.30821 0.30358
451151 13.0 0.2875 0.28308
451152 13.5 0.26819 0.26478
451153 14.0 0.25018 0.2474
451154 14.5 0.23224 0.2304
451155 15.0 0.21522 0.21253
451156 15.5 0.19945 0.19745
451157 16.0 0.18484 0.18191
451158 16.5 0.1713 0.17264
451159 17.0 0.15766 0.15893
451160 17.5 0.14477 0.14702
451161 18.0 0.13294 0.13298
451162 18.5 0.12208 0.12363
451163 19.0 0.11216 0.11332
451164 19.5 0.10313 0.10405
451165 20.0 0.09483 0.09596
451166 20.5 0.087198 0.088199
451167 21.0 0.080207 0.080529
451168 21.5 0.073926 0.074307
451169 22.0 0.068138 0.06912
451170 22.5 0.062804 0.063716
451171 23.0 0.057888 0.058983
451172 23.5 0.053357 0.053855
451173 24.0 0.049182 0.049796
451174 24.5 0.045387 0.046154
451175 25.0 0.041919 0.042331
451176 25.5 0.038717 0.039064
451177 26.0 0.035759 0.036077
451178 26.5 0.033028 0.033479
451179 27.0 0.030517 0.031192
451180 27.5 0.028214 0.028597
451181 28.0 0.02607 0.026406
451182 28.5 0.024079 0.024572
451183 29.0 0.022235 0.022779
451184 29.5 0.020534 0.021008
451185 30.0 0.018972 0.019431
451186 30.5 0.017528 0.017902
451187 31.0 0.016206 0.016457
451188 31.5 0.014997 0.015222
451189 32.0 0.013887 0.014094
451190 32.5 0.012864 0.013202
451191 33.0 0.01192 0.012152
451192 33.5 0.011049 0.011221
451193 34.0 0.010245 0.010531
451194 34.5 0.0095026 0.0098206
451195 35.0 0.0088171 0.0091802
451196 35.5 0.0081759 0.0085296
451197 36.0 0.0075843 0.0078411
451198 36.5 0.0070383 0.0073919
451199 37.0 0.0065342 0.0067735
451200 37.5 0.0060686 0.0062522
451201 38.0 0.0056384 0.0058127
451202 38.5 0.0052406 0.0053206
451203 39.0 0.0048728 0.0048872
451204 39.5 0.0045324 0.0045596
451205 40.0 0.0042174 0.0042266
451206 40.5 0.0039312 0.0039571
451207 41.0 0.0036655 0.0036548
451208 41.5 0.0034187 0.0034324
451209 42.0 0.0031894 0.0031896
451210 42.5 0.0029763 0.0029519
451211 43.0 0.0027781 0.0027428
451212 43.5 0.0025939 0.0025814
451213 44.0 0.0024226 0.0024
451214 44.5 0.0022632 0.0022245
451215 45.0 0.0021148 0.0020957
451216 45.5 0.001983 0.001941
451217 46.0 0.0018594 0.0018348
451218 46.5 0.0017437 0.0017239
451219 47.0 0.0016352 0.0016469
451220 47.5 0.0015336 0.0015374
451221 48.0 0.0014384 0.0014498
451222 48.5 0.0013491 0.0013307
451223 49.0 0.0012654 0.0012119
451224 49.5 0.001187 0.0011517
451225 50.0 0.0011135 0.0010969
451226 50.5 0.0010487 0.0010377
451227 51.0 0.00098743 0.00098355
451228 51.5 0.00092954 0.00090606
451229 52.0 0.00087485 0.00083946
451230 52.5 0.00082321 0.00079087
451231 53.0 0.00077443 0.00075824
451232 53.5 0.00072839 0.00070034
451233 54.0 0.00068493 0.00065998
451234 54.5 0.00064391 0.00062082
451235 55.0 0.00060522 0.00056705
451236 55.5 0.00056946 0.00052338
451237 56.0 0.00053563 0.00048799
451238 56.5 0.00050363 0.00047161
451239 57.0 0.00047338 0.00045542
451240 57.5 0.0004448 0.00041801
451241 58.0 0.00041778 0.00038681
451242 58.5 0.00039227 0.00036128
451243 59.0 0.00036818 0.00034177
451244 59.5 0.00034544 0.00031879
451245 60.0 0.00032399 0.00029747
451246 60.5 0.00030372 0.0002828
451247 61.0 0.00028463 0.0002656
451248 61.5 0.00026664 0.00024738
451249 62.0 0.00024971 0.00022999
451250 62.5 0.00023377 0.0002176
451251 63.0 0.00021877 0.00019906
451252 63.5 0.00020467 0.0001875
451253 64.0 0.0001914 0.00017081
451254 64.5 0.00017893 0.00015774
451255 65.0 0.00016721 0.00015082
451256 65.5 0.0001562 0.00013895
451257 66.0 0.00014585 0.00013073
451258 66.5 0.00013614 0.00012295
451259 67.0 0.00012702 0.00011487
451260 67.5 0.00011847 0.00010581
451261 68.0 0.00011044 0.0001014
451262 68.5 0.00010291 9.4434e-05
451263 69.0 9.586e-05 8.6611e-05
451264 69.5 8.9252e-05 7.8948e-05
451265 70.0 8.3063e-05 7.3997e-05
451266 70.5 7.7163e-05 6.6908e-05
451267 71.0 7.1662e-05 6.2021e-05
451268 71.5 6.6533e-05 5.6535e-05
451269 72.0 6.1754e-05 5.095e-05
451270 72.5 5.73e-05 4.888e-05
451271 73.0 5.3152e-05 4.5643e-05
451272 73.5 4.929e-05 4.2256e-05
451273 74.0 4.5694e-05 3.8268e-05
451274 74.5 4.2348e-05 3.7292e-05
451275 75.0 3.9234e-05 3.5116e-05
451276 75.5 3.6322e-05 3.1787e-05
451277 76.0 3.362e-05 2.9335e-05
451278 76.5 3.1114e-05 2.866e-05
451279 77.0 2.879e-05 2.7212e-05
451280 77.5 2.6635e-05 2.5828e-05
451281 78.0 2.4638e-05 2.3458e-05
451282 78.5 2.2786e-05 2.2172e-05
451283 79.0 2.107e-05 2.1168e-05
451284 79.5 1.948e-05 1.924e-05
451285 80.0 1.8007e-05 1.7633e-05
451286 80.5 1.6666e-05 1.6242e-05
451287 81.0 1.5421e-05 1.48e-05
451288 81.5 1.4266e-05 1.3856e-05
451289 82.0 1.3195e-05 1.2437e-05
451290 82.5 1.2201e-05 1.128e-05
451291 83.0 1.1279e-05 1.0297e-05
451292 83.5 1.0424e-05 9.6831e-06
451293 84.0 9.6315e-06 9.0148e-06
451294 84.5 8.8972e-06 8.2528e-06
451295 85.0 8.2168e-06 7.6475e-06
451296 85.5 7.5691e-06 6.8693e-06
451297 86.0 6.9703e-06 6.2031e-06
451298 86.5 6.4168e-06 5.8071e-06
451299 87.0 5.9053e-06 5.2494e-06
451300 87.5 5.4329e-06 4.9593e-06
451301 88.0 4.9967e-06 4.5378e-06
451302 88.5 4.5939e-06 4.282e-06
451303 89.0 4.2223e-06 3.9557e-06
451304 89.5 3.8794e-06 3.5665e-06
451305 90.0 3.5632e-06 3.1557e-06
451306 90.5 3.2661e-06 2.8268e-06
451307 91.0 2.9921e-06 2.4734e-06
451308 91.5 2.7394e-06 2.2333e-06
451309 92.0 2.5064e-06 2.0331e-06
451310 92.5 2.2918e-06 2.0457e-06
451311 93.0 2.0942e-06 1.8755e-06
451312 93.5 1.9124e-06 1.7222e-06
451313 94.0 1.7451e-06 1.539e-06
451314 94.5 1.5915e-06 1.3589e-06
451315 95.0 1.4504e-06 1.2055e-06
451316 95.5 1.3156e-06 1.0831e-06
451317 96.0 1.1938e-06 9.3816e-07
451318 96.5 1.0837e-06 8.2987e-07
451319 97.0 9.8411e-07 7.7312e-07
451320 97.5 8.94e-07 7.4157e-07
451321 98.0 8.1243e-07 6.4907e-07
451322 98.5 7.3857e-07 6.2884e-07
451323 99.0 6.7167e-07 5.7064e-07
451324 99.5 6.1105e-07 5.2804e-07
451325 100.0 5.5611e-07 4.8849e-07
451326 100.5 5.0368e-07 4.1947e-07
451327 101.0 4.5678e-07 3.7779e-07
451328 101.5 4.1476e-07 3.1039e-07
451329 102.0 3.7705e-07 2.9857e-07
451330 102.5 3.4316e-07 2.4422e-07
451331 103.0 3.1267e-07 2.1407e-07
451332 103.5 2.852e-07 2.0494e-07
451333 104.0 2.6042e-07 1.9096e-07
451334 104.5 2.3804e-07 1.8092e-07
451335 105.0 2.1782e-07 1.7301e-07
451336 105.5 1.9878e-07 1.559e-07
451337 106.0 1.8174e-07 1.3696e-07
451338 106.5 1.6645e-07 1.1349e-07
451339 107.0 1.5269e-07 9.9363e-08
451340 107.5 1.4029e-07 9.9776e-08
451341 108.0 1.2908e-07 8.7497e-08
451342 108.5 1.1894e-07 8.2857e-08
451343 109.0 1.0974e-07 7.9355e-08
451344 109.5 1.0139e-07 7.4952e-08
451345 110.0 9.3782e-08 7.2192e-08
451346 110.5 8.6689e-08 6.6145e-08
451347 111.0 8.027e-08 5.7243e-08
451348 111.5 7.4446e-08 5.6513e-08
451349 112.0 6.9146e-08 5.1333e-08
451350 112.5 6.4312e-08 4.9544e-08
451351 113.0 5.9892e-08 4.637e-08
451352 113.5 5.5844e-08 4.2755e-08
451353 114.0 5.2129e-08 3.6945e-08
451354 114.5 4.8712e-08 3.5595e-08
451355 115.0 4.5565e-08 3.54e-08
451356 115.5 4.2658e-08 3.4467e-08
451357 116.0 3.9975e-08 3.1416e-08
451358 116.5 3.7495e-08 2.9279e-08
451359 117.0 3.5199e-08 2.8162e-08
451360 117.5 3.307e-08 2.7605e-08
451361 118.0 3.1094e-08 2.6035e-08
451362 118.5 2.9258e-08 2.5274e-08
451363 119.0 2.755e-08 2.2744e-08
451364 119.5 2.5959e-08 2.2446e-08
451365 120.0 2.4476e-08 2.131e-08
451366 120.5 2.3096e-08 2.0622e-08
451367 121.0 2.1815e-08 1.998e-08
451368 121.5 2.0624e-08 1.9418e-08
451369 122.0 1.9516e-08 1.8455e-08
451370 122.5 1.8484e-08 1.8109e-08
451371 123.0 1.7523e-08 1.7205e-08
451372 123.5 1.6627e-08 1.6475e-08
451373 124.0 1.579e-08 1.5418e-08
451374 124.5 1.5009e-08 1.4474e-08
451375 125.0 1.4278e-08 1.4643e-08
451376 125.5 1.3595e-08 1.3815e-08
451377 126.0 1.2955e-08 1.2932e-08
451378 126.5 1.2355e-08 1.2404e-08
451379 127.0 1.1792e-08 1.183e-08
451380 127.5 1.1263e-08 1.1857e-08
451381 128.0 1.0766e-08 1.1289e-08
451382 128.5 1.0298e-08 1.105e-08
451383 129.0 9.8578e-09 1.0732e-08
451384 129.5 9.4426e-09 1.0214e-08
451385 130.0 9.0509e-09 9.7779e-09
451386 130.5 8.681e-09 9.4607e-09
451387 131.0 8.3315e-09 9.0063e-09
451388 131.5 8.001e-09 8.7448e-09
451389 132.0 7.6883e-09 8.2923e-09
451390 132.5 7.392e-09 8.1044e-09
451391 133.0 7.1112e-09 7.4403e-09
451392 133.5 6.8449e-09 7.1266e-09
451393 134.0 6.5921e-09 6.8618e-09
451394 134.5 6.3521e-09 6.6095e-09
451395 135.0 6.1239e-09 6.3429e-09
451396 135.5 5.9069e-09 6.3414e-09
451397 136.0 5.7004e-09 6.001e-09
451398 136.5 5.5037e-09 5.8391e-09
451399 137.0 5.3163e-09 5.7118e-09
451400 137.5 5.1377e-09 5.649e-09
451401 138.0 4.9673e-09 5.5605e-09
451402 138.5 4.8046e-09 5.3845e-09
451403 139.0 4.6493e-09 5.161e-09
451404 139.5 4.5009e-09 4.8689e-09
451405 140.0 4.3589e-09 4.6727e-09
451406 140.5 4.2232e-09 4.4755e-09
451407 141.0 4.0932e-09 4.2809e-09
451408 141.5 3.9688e-09 4.1903e-09
451409 142.0 3.8496e-09 3.943e-09
451410 142.5 3.7353e-09 3.8095e-09
451411 143.0 3.6258e-09 3.7062e-09
451412 143.5 3.5206e-09 3.5813e-09
451413 144.0 3.4197e-09 3.3769e-09
451414 144.5 3.3228e-09 3.2515e-09
451415 145.0 3.2297e-09 3.1968e-09
451416 145.5 3.1402e-09 2.9858e-09
451417 146.0 3.0542e-09 2.9536e-09
451418 146.5 2.9714e-09 2.7964e-09
451419 147.0 2.8918e-09 2.7917e-09
451420 147.5 2.8151e-09 2.6412e-09
451421 148.0 2.7412e-09 2.5579e-09
451422 148.5 2.67e-09 2.5149e-09
451423 149.0 2.6014e-09 2.4099e-09
451424 149.5 2.5352e-09 2.3602e-09
451425 150.0 2.4714e-09 2.342e-09
451426 150.5 2.4098e-09 2.2537e-09
451427 151.0 2.3504e-09 2.2724e-09
451428 151.5 2.293e-09 2.2448e-09
451429 152.0 2.2375e-09 2.1224e-09
451430 152.5 2.1839e-09 2.0453e-09
451431 153.0 2.1321e-09 1.9219e-09
451432 153.5 2.082e-09 1.8809e-09
451433 154.0 2.0335e-09 1.8056e-09
451434 154.5 1.9866e-09 1.7755e-09
451435 155.0 1.9413e-09 1.735e-09
451436 155.5 1.8973e-09 1.735e-09
451437 156.0 1.8547e-09 1.6835e-09
451438 156.5 1.8135e-09 1.6515e-09
451439 157.0 1.7735e-09 1.5991e-09
451440 157.5 1.7348e-09 1.5798e-09
451441 158.0 1.6972e-09 1.4826e-09
451442 158.5 1.6608e-09 1.4689e-09
451443 159.0 1.6255e-09 1.4396e-09
451444 159.5 1.5911e-09 1.4233e-09
451445 160.0 1.5578e-09 1.4199e-09
451446 160.5 1.5255e-09 1.3728e-09
451447 161.0 1.4941e-09 1.3579e-09
451448 161.5 1.4636e-09 1.3321e-09
451449 162.0 1.434e-09 1.2688e-09
451450 162.5 1.4051e-09 1.222e-09
451451 163.0 1.3771e-09 1.2232e-09
451452 163.5 1.3499e-09 1.2508e-09
451453 164.0 1.3234e-09 1.2051e-09
451454 164.5 1.2976e-09 1.2062e-09
451455 165.0 1.2725e-09 1.1805e-09
451456 165.5 1.2481e-09 1.1957e-09
451457 166.0 1.2243e-09 1.1586e-09
451458 166.5 1.2012e-09 1.1667e-09
451459 167.0 1.1786e-09 1.1124e-09
451460 167.5 1.1567e-09 1.0771e-09
451461 168.0 1.1353e-09 1.0666e-09
451462 168.5 1.1144e-09 1.0548e-09
451463 169.0 1.0941e-09 1.0439e-09
451464 169.5 1.0743e-09 1.0096e-09
451465 170.0 1.055e-09 9.6425e-10
451466 170.5 1.0361e-09 9.4972e-10
451467 171.0 1.0177e-09 9.3682e-10
451468 171.5 9.9978e-10 9.2774e-10
451469 172.0 9.8227e-10 9.4258e-10
451470 172.5 9.6518e-10 8.8484e-10
451471 173.0 9.485e-10 8.9197e-10
451472 173.5 9.3221e-10 8.8695e-10
451473 174.0 9.163e-10 8.6165e-10
451474 174.5 9.0076e-10 8.4757e-10
451475 175.0 8.8558e-10 8.4489e-10
451476 175.5 8.7075e-10 8.4294e-10
451477 176.0 8.5626e-10 8.2446e-10
451478 176.5 8.4209e-10 8.0419e-10
451479 177.0 8.2824e-10 7.9564e-10
451480 177.5 8.1471e-10 7.5972e-10
451481 178.0 8.0147e-10 7.7521e-10
451482 178.5 7.8852e-10 7.4237e-10
451483 179.0 7.7586e-10 7.1883e-10
451484 179.5 7.6347e-10 7.0812e-10
451485 180.0 7.5134e-10 7.1657e-10
451486 180.5 7.3948e-10 7.0432e-10
451487 181.0 7.2787e-10 6.9423e-10
451488 181.5 7.1651e-10 6.7416e-10
451489 182.0 7.0539e-10 6.4602e-10
451490 182.5 6.945e-10 6.2538e-10
451491 183.0 6.8383e-10 6.308e-10
451492 183.5 6.7339e-10 6.2205e-10
451493 184.0 6.6315e-10 6.1226e-10
451494 184.5 6.5313e-10 5.9193e-10
451495 185.0 6.4331e-10 5.8778e-10
451496 185.5 6.3369e-10 5.7653e-10
451497 186.0 6.2426e-10 5.5474e-10
451498 186.5 6.1502e-10 5.6269e-10
451499 187.0 6.0596e-10 5.4623e-10
451500 187.5 5.9708e-10 5.4942e-10
451501 188.0 5.8838e-10 5.4382e-10
451502 188.5 5.7984e-10 5.462e-10
451503 189.0 5.7147e-10 5.3166e-10
451504 189.5 5.6326e-10 5.1014e-10
451505 190.0 5.5521e-10 5.1145e-10
451506 190.5 5.473e-10 4.9964e-10
451507 191.0 5.3955e-10 5.0865e-10
451508 191.5 5.3195e-10 5.1951e-10
451509 192.0 5.2448e-10 5.2591e-10
451510 192.5 5.1716e-10 5.0569e-10
451511 193.0 5.0997e-10 4.9366e-10
451512 193.5 5.0292e-10 4.8466e-10
451513 194.0 4.9599e-10 4.9309e-10
451514 194.5 4.8919e-10 4.8311e-10
451515 195.0 4.8251e-10 4.6882e-10
451516 195.5 4.7595e-10 4.6357e-10
451517 196.0 4.6951e-10 4.569e-10
451518 196.5 4.6319e-10 4.6141e-10
451519 197.0 4.5697e-10 4.548e-10
451520 197.5 4.5087e-10 4.2982e-10
451521 198.0 4.4487e-10 4.2116e-10
451522 198.5 4.3898e-10 4.2115e-10
451523 199.0 4.3319e-10 4.137e-10
451524 199.5 4.275e-10 3.8741e-10
451525 200.0 4.2191e-10 3.8028e-10
