 Hgtkm DensMean DensPert
553781 0.0 1.1656 1.1944
553782 0.5 1.1117 1.1148
553783 1.0 1.06 1.0544
553784 1.5 1.0101 0.99936
553785 2.0 0.96405 0.94672
553786 2.5 0.91875 0.92083
553787 3.0 0.87485 0.87082
553788 3.5 0.83389 0.83028
553789 4.0 0.79521 0.78787
553790 4.5 0.75791 0.74716
553791 5.0 0.72062 0.71135
553792 5.5 0.68516 0.67796
553793 6.0 0.65099 0.64315
553794 6.5 0.61753 0.60997
553795 7.0 0.5858 0.57731
553796 7.5 0.5557 0.54862
553797 8.0 0.52637 0.52095
553798 8.5 0.49854 0.4937
553799 9.0 0.47219 0.46712
553800 9.5 0.44723 0.44325
553801 10.0 0.42223 0.41913
553802 10.5 0.39833 0.39505
553803 11.0 0.37498 0.37244
553804 11.5 0.35148 0.35053
553805 12.0 0.32946 0.32811
553806 12.5 0.30821 0.30533
553807 13.0 0.2875 0.2872
553808 13.5 0.26819 0.26643
553809 14.0 0.25018 0.24835
553810 14.5 0.23224 0.23097
553811 15.0 0.21522 0.21611
553812 15.5 0.19945 0.20065
553813 16.0 0.18484 0.18516
553814 16.5 0.1713 0.1727
553815 17.0 0.15766 0.16021
553816 17.5 0.14477 0.14728
553817 18.0 0.13294 0.13571
553818 18.5 0.12208 0.12391
553819 19.0 0.11216 0.11421
553820 19.5 0.10313 0.10442
553821 20.0 0.09483 0.096342
553822 20.5 0.087198 0.088057
553823 21.0 0.080207 0.081127
553824 21.5 0.073926 0.074176
553825 22.0 0.068138 0.069001
553826 22.5 0.062804 0.063186
553827 23.0 0.057888 0.058126
553828 23.5 0.053357 0.053758
553829 24.0 0.049182 0.049728
553830 24.5 0.045387 0.045832
553831 25.0 0.041919 0.042367
553832 25.5 0.038717 0.03891
553833 26.0 0.035759 0.036128
553834 26.5 0.033028 0.033185
553835 27.0 0.030517 0.030657
553836 27.5 0.028214 0.028122
553837 28.0 0.02607 0.026015
553838 28.5 0.024079 0.024008
553839 29.0 0.022235 0.022309
553840 29.5 0.020534 0.02057
553841 30.0 0.018972 0.019128
553842 30.5 0.017528 0.01761
553843 31.0 0.016206 0.016377
553844 31.5 0.014997 0.015077
553845 32.0 0.013887 0.014055
553846 32.5 0.012864 0.013017
553847 33.0 0.01192 0.011957
553848 33.5 0.011049 0.010971
553849 34.0 0.010245 0.010148
553850 34.5 0.0095026 0.009356
553851 35.0 0.0088171 0.008728
553852 35.5 0.0081759 0.0081381
553853 36.0 0.0075843 0.0075554
553854 36.5 0.0070383 0.0069956
553855 37.0 0.0065342 0.0064894
553856 37.5 0.0060686 0.0060154
553857 38.0 0.0056384 0.0055642
553858 38.5 0.0052406 0.0052112
553859 39.0 0.0048728 0.004825
553860 39.5 0.0045324 0.0044283
553861 40.0 0.0042174 0.0041592
553862 40.5 0.0039312 0.0038095
553863 41.0 0.0036655 0.003542
553864 41.5 0.0034187 0.0032742
553865 42.0 0.0031894 0.0030322
553866 42.5 0.0029763 0.002886
553867 43.0 0.0027781 0.0026972
553868 43.5 0.0025939 0.002473
553869 44.0 0.0024226 0.0023374
553870 44.5 0.0022632 0.00213
553871 45.0 0.0021148 0.0020219
553872 45.5 0.001983 0.0018944
553873 46.0 0.0018594 0.0018038
553874 46.5 0.0017437 0.0016719
553875 47.0 0.0016352 0.0016035
553876 47.5 0.0015336 0.0015344
553877 48.0 0.0014384 0.0014427
553878 48.5 0.0013491 0.0013646
553879 49.0 0.0012654 0.0012461
553880 49.5 0.001187 0.0011543
553881 50.0 0.0011135 0.0010945
553882 50.5 0.0010487 0.0010171
553883 51.0 0.00098743 0.00095208
553884 51.5 0.00092954 0.00089188
553885 52.0 0.00087485 0.00083471
553886 52.5 0.00082321 0.00077568
553887 53.0 0.00077443 0.00072805
553888 53.5 0.00072839 0.00067894
553889 54.0 0.00068493 0.00065038
553890 54.5 0.00064391 0.00063111
553891 55.0 0.00060522 0.00058575
553892 55.5 0.00056946 0.00055011
553893 56.0 0.00053563 0.00050467
553894 56.5 0.00050363 0.00047065
553895 57.0 0.00047338 0.0004341
553896 57.5 0.0004448 0.00041054
553897 58.0 0.00041778 0.00038286
553898 58.5 0.00039227 0.00036754
553899 59.0 0.00036818 0.00034013
553900 59.5 0.00034544 0.00031654
553901 60.0 0.00032399 0.00028908
553902 60.5 0.00030372 0.00026705
553903 61.0 0.00028463 0.00025679
553904 61.5 0.00026664 0.0002388
553905 62.0 0.00024971 0.00022194
553906 62.5 0.00023377 0.0002018
553907 63.0 0.00021877 0.0001947
553908 63.5 0.00020467 0.0001809
553909 64.0 0.0001914 0.00017036
553910 64.5 0.00017893 0.00015883
553911 65.0 0.00016721 0.00014827
553912 65.5 0.0001562 0.00014136
553913 66.0 0.00014585 0.00013196
553914 66.5 0.00013614 0.00012398
553915 67.0 0.00012702 0.00011656
553916 67.5 0.00011847 0.00010856
553917 68.0 0.00011044 0.00010061
553918 68.5 0.00010291 9.1217e-05
553919 69.0 9.586e-05 8.5185e-05
553920 69.5 8.9252e-05 7.9262e-05
553921 70.0 8.3063e-05 7.2789e-05
553922 70.5 7.7163e-05 6.9196e-05
553923 71.0 7.1662e-05 6.5752e-05
553924 71.5 6.6533e-05 6.0162e-05
553925 72.0 6.1754e-05 5.8623e-05
553926 72.5 5.73e-05 5.2705e-05
553927 73.0 5.3152e-05 5.0896e-05
553928 73.5 4.929e-05 4.7087e-05
553929 74.0 4.5694e-05 4.4363e-05
553930 74.5 4.2348e-05 4.0772e-05
553931 75.0 3.9234e-05 3.7725e-05
553932 75.5 3.6322e-05 3.4437e-05
553933 76.0 3.362e-05 3.2179e-05
553934 76.5 3.1114e-05 2.9466e-05
553935 77.0 2.879e-05 2.7754e-05
553936 77.5 2.6635e-05 2.6207e-05
553937 78.0 2.4638e-05 2.4254e-05
553938 78.5 2.2786e-05 2.276e-05
553939 79.0 2.107e-05 2.0899e-05
553940 79.5 1.948e-05 1.9803e-05
553941 80.0 1.8007e-05 1.8611e-05
553942 80.5 1.6666e-05 1.7068e-05
553943 81.0 1.5421e-05 1.5949e-05
553944 81.5 1.4266e-05 1.498e-05
553945 82.0 1.3195e-05 1.3228e-05
553946 82.5 1.2201e-05 1.2413e-05
553947 83.0 1.1279e-05 1.1751e-05
553948 83.5 1.0424e-05 1.0822e-05
553949 84.0 9.6315e-06 9.7203e-06
553950 84.5 8.8972e-06 8.9755e-06
553951 85.0 8.2168e-06 8.3309e-06
553952 85.5 7.5691e-06 7.5723e-06
553953 86.0 6.9703e-06 6.9229e-06
553954 86.5 6.4168e-06 6.3431e-06
553955 87.0 5.9053e-06 5.8823e-06
553956 87.5 5.4329e-06 5.4763e-06
553957 88.0 4.9967e-06 5.0053e-06
553958 88.5 4.5939e-06 4.5799e-06
553959 89.0 4.2223e-06 4.1153e-06
553960 89.5 3.8794e-06 3.7708e-06
553961 90.0 3.5632e-06 3.397e-06
553962 90.5 3.2661e-06 3.1079e-06
553963 91.0 2.9921e-06 2.8099e-06
553964 91.5 2.7394e-06 2.5784e-06
553965 92.0 2.5064e-06 2.4089e-06
553966 92.5 2.2918e-06 2.155e-06
553967 93.0 2.0942e-06 1.9399e-06
553968 93.5 1.9124e-06 1.7415e-06
553969 94.0 1.7451e-06 1.5436e-06
553970 94.5 1.5915e-06 1.3244e-06
553971 95.0 1.4504e-06 1.1471e-06
553972 95.5 1.3156e-06 1.0041e-06
553973 96.0 1.1938e-06 9.0549e-07
553974 96.5 1.0837e-06 8.8476e-07
553975 97.0 9.8411e-07 8.5531e-07
553976 97.5 8.94e-07 7.184e-07
553977 98.0 8.1243e-07 6.3913e-07
553978 98.5 7.3857e-07 6.0842e-07
553979 99.0 6.7167e-07 5.6743e-07
553980 99.5 6.1105e-07 5.2432e-07
553981 100.0 5.5611e-07 4.7689e-07
553982 100.5 5.0368e-07 4.5713e-07
553983 101.0 4.5678e-07 4.1587e-07
553984 101.5 4.1476e-07 4.0299e-07
553985 102.0 3.7705e-07 3.6979e-07
553986 102.5 3.4316e-07 3.5765e-07
553987 103.0 3.1267e-07 3.1918e-07
553988 103.5 2.852e-07 2.7444e-07
553989 104.0 2.6042e-07 2.392e-07
553990 104.5 2.3804e-07 2.1733e-07
553991 105.0 2.1782e-07 2.1627e-07
553992 105.5 1.9878e-07 2.0631e-07
553993 106.0 1.8174e-07 1.8848e-07
553994 106.5 1.6645e-07 1.7203e-07
553995 107.0 1.5269e-07 1.6021e-07
553996 107.5 1.4029e-07 1.4554e-07
553997 108.0 1.2908e-07 1.3094e-07
553998 108.5 1.1894e-07 1.2252e-07
553999 109.0 1.0974e-07 1.105e-07
554000 109.5 1.0139e-07 9.8882e-08
554001 110.0 9.3782e-08 9.1632e-08
554002 110.5 8.6689e-08 8.173e-08
554003 111.0 8.027e-08 7.9408e-08
554004 111.5 7.4446e-08 7.2587e-08
554005 112.0 6.9146e-08 6.6725e-08
554006 112.5 6.4312e-08 6.4431e-08
554007 113.0 5.9892e-08 5.8273e-08
554008 113.5 5.5844e-08 5.3715e-08
554009 114.0 5.2129e-08 4.8966e-08
554010 114.5 4.8712e-08 4.6481e-08
554011 115.0 4.5565e-08 4.3519e-08
554012 115.5 4.2658e-08 4.0089e-08
554013 116.0 3.9975e-08 3.7024e-08
554014 116.5 3.7495e-08 3.4113e-08
554015 117.0 3.5199e-08 3.245e-08
554016 117.5 3.307e-08 3.1507e-08
554017 118.0 3.1094e-08 2.9586e-08
554018 118.5 2.9258e-08 2.7496e-08
554019 119.0 2.755e-08 2.5742e-08
554020 119.5 2.5959e-08 2.4721e-08
554021 120.0 2.4476e-08 2.3613e-08
554022 120.5 2.3096e-08 2.1926e-08
554023 121.0 2.1815e-08 2.127e-08
554024 121.5 2.0624e-08 2.0123e-08
554025 122.0 1.9516e-08 1.93e-08
554026 122.5 1.8484e-08 1.8071e-08
554027 123.0 1.7523e-08 1.6957e-08
554028 123.5 1.6627e-08 1.6287e-08
554029 124.0 1.579e-08 1.5544e-08
554030 124.5 1.5009e-08 1.5247e-08
554031 125.0 1.4278e-08 1.4351e-08
554032 125.5 1.3595e-08 1.3774e-08
554033 126.0 1.2955e-08 1.287e-08
554034 126.5 1.2355e-08 1.2535e-08
554035 127.0 1.1792e-08 1.1751e-08
554036 127.5 1.1263e-08 1.0873e-08
554037 128.0 1.0766e-08 1.0292e-08
554038 128.5 1.0298e-08 9.6575e-09
554039 129.0 9.8578e-09 9.4502e-09
554040 129.5 9.4426e-09 9.1018e-09
554041 130.0 9.0509e-09 8.7127e-09
554042 130.5 8.681e-09 8.1289e-09
554043 131.0 8.3315e-09 7.7544e-09
554044 131.5 8.001e-09 7.665e-09
554045 132.0 7.6883e-09 7.2598e-09
554046 132.5 7.392e-09 7.0871e-09
554047 133.0 7.1112e-09 7.0972e-09
554048 133.5 6.8449e-09 6.9788e-09
554049 134.0 6.5921e-09 6.71e-09
554050 134.5 6.3521e-09 6.6434e-09
554051 135.0 6.1239e-09 6.496e-09
554052 135.5 5.9069e-09 6.2658e-09
554053 136.0 5.7004e-09 6.0102e-09
554054 136.5 5.5037e-09 5.6643e-09
554055 137.0 5.3163e-09 5.4343e-09
554056 137.5 5.1377e-09 5.3959e-09
554057 138.0 4.9673e-09 5.1832e-09
554058 138.5 4.8046e-09 5.0475e-09
554059 139.0 4.6493e-09 4.8256e-09
554060 139.5 4.5009e-09 4.6229e-09
554061 140.0 4.3589e-09 4.6178e-09
554062 140.5 4.2232e-09 4.4711e-09
554063 141.0 4.0932e-09 4.3656e-09
554064 141.5 3.9688e-09 4.2366e-09
554065 142.0 3.8496e-09 3.9513e-09
554066 142.5 3.7353e-09 3.7292e-09
554067 143.0 3.6258e-09 3.5479e-09
554068 143.5 3.5206e-09 3.5596e-09
554069 144.0 3.4197e-09 3.6308e-09
554070 144.5 3.3228e-09 3.5275e-09
554071 145.0 3.2297e-09 3.4927e-09
554072 145.5 3.1402e-09 3.3456e-09
554073 146.0 3.0542e-09 3.2331e-09
554074 146.5 2.9714e-09 3.2728e-09
554075 147.0 2.8918e-09 3.1621e-09
554076 147.5 2.8151e-09 3.1317e-09
554077 148.0 2.7412e-09 2.9914e-09
554078 148.5 2.67e-09 2.7573e-09
554079 149.0 2.6014e-09 2.6383e-09
554080 149.5 2.5352e-09 2.6276e-09
554081 150.0 2.4714e-09 2.613e-09
554082 150.5 2.4098e-09 2.6192e-09
554083 151.0 2.3504e-09 2.4584e-09
554084 151.5 2.293e-09 2.4267e-09
554085 152.0 2.2375e-09 2.3039e-09
554086 152.5 2.1839e-09 2.252e-09
554087 153.0 2.1321e-09 2.1548e-09
554088 153.5 2.082e-09 2.0409e-09
554089 154.0 2.0335e-09 2.0327e-09
554090 154.5 1.9866e-09 1.9517e-09
554091 155.0 1.9413e-09 1.882e-09
554092 155.5 1.8973e-09 1.8408e-09
554093 156.0 1.8547e-09 1.8255e-09
554094 156.5 1.8135e-09 1.7859e-09
554095 157.0 1.7735e-09 1.6259e-09
554096 157.5 1.7348e-09 1.6232e-09
554097 158.0 1.6972e-09 1.5582e-09
554098 158.5 1.6608e-09 1.5789e-09
554099 159.0 1.6255e-09 1.5002e-09
554100 159.5 1.5911e-09 1.4337e-09
554101 160.0 1.5578e-09 1.3825e-09
554102 160.5 1.5255e-09 1.3289e-09
554103 161.0 1.4941e-09 1.2782e-09
554104 161.5 1.4636e-09 1.2488e-09
554105 162.0 1.434e-09 1.2751e-09
554106 162.5 1.4051e-09 1.263e-09
554107 163.0 1.3771e-09 1.2168e-09
554108 163.5 1.3499e-09 1.2155e-09
554109 164.0 1.3234e-09 1.191e-09
554110 164.5 1.2976e-09 1.1514e-09
554111 165.0 1.2725e-09 1.1272e-09
554112 165.5 1.2481e-09 1.0758e-09
554113 166.0 1.2243e-09 1.0525e-09
554114 166.5 1.2012e-09 1.0232e-09
554115 167.0 1.1786e-09 9.8884e-10
554116 167.5 1.1567e-09 9.8579e-10
554117 168.0 1.1353e-09 9.8475e-10
554118 168.5 1.1144e-09 1.0021e-09
554119 169.0 1.0941e-09 9.4761e-10
554120 169.5 1.0743e-09 9.0223e-10
554121 170.0 1.055e-09 8.6868e-10
554122 170.5 1.0361e-09 8.6463e-10
554123 171.0 1.0177e-09 8.5636e-10
554124 171.5 9.9978e-10 8.4234e-10
554125 172.0 9.8227e-10 8.1973e-10
554126 172.5 9.6518e-10 7.9549e-10
554127 173.0 9.485e-10 7.8499e-10
554128 173.5 9.3221e-10 7.8724e-10
554129 174.0 9.163e-10 7.622e-10
554130 174.5 9.0076e-10 7.5929e-10
554131 175.0 8.8558e-10 7.5244e-10
554132 175.5 8.7075e-10 7.5382e-10
554133 176.0 8.5626e-10 7.4582e-10
554134 176.5 8.4209e-10 7.4061e-10
554135 177.0 8.2824e-10 7.2152e-10
554136 177.5 8.1471e-10 7.1122e-10
554137 178.0 8.0147e-10 6.8311e-10
554138 178.5 7.8852e-10 6.7636e-10
554139 179.0 7.7586e-10 6.8383e-10
554140 179.5 7.6347e-10 6.7498e-10
554141 180.0 7.5134e-10 6.5868e-10
554142 180.5 7.3948e-10 6.5261e-10
554143 181.0 7.2787e-10 6.2814e-10
554144 181.5 7.1651e-10 6.295e-10
554145 182.0 7.0539e-10 6.1331e-10
554146 182.5 6.945e-10 5.9548e-10
554147 183.0 6.8383e-10 5.7796e-10
554148 183.5 6.7339e-10 5.6552e-10
554149 184.0 6.6315e-10 5.6761e-10
554150 184.5 6.5313e-10 5.6768e-10
554151 185.0 6.4331e-10 5.6945e-10
554152 185.5 6.3369e-10 5.639e-10
554153 186.0 6.2426e-10 5.6729e-10
554154 186.5 6.1502e-10 5.6375e-10
554155 187.0 6.0596e-10 5.5858e-10
554156 187.5 5.9708e-10 5.789e-10
554157 188.0 5.8838e-10 5.6801e-10
554158 188.5 5.7984e-10 5.7551e-10
554159 189.0 5.7147e-10 5.6871e-10
554160 189.5 5.6326e-10 5.7016e-10
554161 190.0 5.5521e-10 5.764e-10
554162 190.5 5.473e-10 5.7011e-10
554163 191.0 5.3955e-10 5.5667e-10
554164 191.5 5.3195e-10 5.4323e-10
554165 192.0 5.2448e-10 5.3288e-10
554166 192.5 5.1716e-10 5.2725e-10
554167 193.0 5.0997e-10 5.1738e-10
554168 193.5 5.0292e-10 5.1037e-10
554169 194.0 4.9599e-10 4.9959e-10
554170 194.5 4.8919e-10 4.9565e-10
554171 195.0 4.8251e-10 4.9333e-10
554172 195.5 4.7595e-10 4.877e-10
554173 196.0 4.6951e-10 4.8381e-10
554174 196.5 4.6319e-10 4.8058e-10
554175 197.0 4.5697e-10 4.7238e-10
554176 197.5 4.5087e-10 4.779e-10
554177 198.0 4.4487e-10 4.7396e-10
554178 198.5 4.3898e-10 4.656e-10
554179 199.0 4.3319e-10 4.6504e-10
554180 199.5 4.275e-10 4.5505e-10
554181 200.0 4.2191e-10 4.4761e-10
