 Hgtkm DensMean DensPert
623154 0.0 1.1656 1.1868
623155 0.5 1.1117 1.1566
623156 1.0 1.06 1.0866
623157 1.5 1.0101 1.0361
623158 2.0 0.96405 1.0165
623159 2.5 0.91875 0.94407
623160 3.0 0.87485 0.91091
623161 3.5 0.83389 0.85224
623162 4.0 0.79521 0.81453
623163 4.5 0.75791 0.78229
623164 5.0 0.72062 0.74067
623165 5.5 0.68516 0.69969
623166 6.0 0.65099 0.66296
623167 6.5 0.61753 0.63043
623168 7.0 0.5858 0.59622
623169 7.5 0.5557 0.56411
623170 8.0 0.52637 0.53328
623171 8.5 0.49854 0.50325
623172 9.0 0.47219 0.47414
623173 9.5 0.44723 0.44848
623174 10.0 0.42223 0.42449
623175 10.5 0.39833 0.40088
623176 11.0 0.37498 0.37609
623177 11.5 0.35148 0.3524
623178 12.0 0.32946 0.33048
623179 12.5 0.30821 0.30898
623180 13.0 0.2875 0.28575
623181 13.5 0.26819 0.26863
623182 14.0 0.25018 0.2506
623183 14.5 0.23224 0.23132
623184 15.0 0.21522 0.21465
623185 15.5 0.19945 0.19768
623186 16.0 0.18484 0.18205
623187 16.5 0.1713 0.1687
623188 17.0 0.15766 0.15594
623189 17.5 0.14477 0.14316
623190 18.0 0.13294 0.13203
623191 18.5 0.12208 0.12103
623192 19.0 0.11216 0.11057
623193 19.5 0.10313 0.10151
623194 20.0 0.09483 0.094927
623195 20.5 0.087198 0.087406
623196 21.0 0.080207 0.080679
623197 21.5 0.073926 0.073481
623198 22.0 0.068138 0.068046
623199 22.5 0.062804 0.062903
623200 23.0 0.057888 0.058451
623201 23.5 0.053357 0.053457
623202 24.0 0.049182 0.049077
623203 24.5 0.045387 0.045017
623204 25.0 0.041919 0.041974
623205 25.5 0.038717 0.038746
623206 26.0 0.035759 0.035842
623207 26.5 0.033028 0.033055
623208 27.0 0.030517 0.030538
623209 27.5 0.028214 0.028186
623210 28.0 0.02607 0.026027
623211 28.5 0.024079 0.024085
623212 29.0 0.022235 0.022338
623213 29.5 0.020534 0.020575
623214 30.0 0.018972 0.019025
623215 30.5 0.017528 0.017564
623216 31.0 0.016206 0.016305
623217 31.5 0.014997 0.015197
623218 32.0 0.013887 0.014032
623219 32.5 0.012864 0.013135
623220 33.0 0.01192 0.012072
623221 33.5 0.011049 0.011139
623222 34.0 0.010245 0.010339
623223 34.5 0.0095026 0.0095
623224 35.0 0.0088171 0.0089182
623225 35.5 0.0081759 0.0083401
623226 36.0 0.0075843 0.0078617
623227 36.5 0.0070383 0.0072102
623228 37.0 0.0065342 0.0066363
623229 37.5 0.0060686 0.0061419
623230 38.0 0.0056384 0.0057223
623231 38.5 0.0052406 0.0053395
623232 39.0 0.0048728 0.0049495
623233 39.5 0.0045324 0.0045716
623234 40.0 0.0042174 0.0041574
623235 40.5 0.0039312 0.0039207
623236 41.0 0.0036655 0.003708
623237 41.5 0.0034187 0.0034217
623238 42.0 0.0031894 0.0032213
623239 42.5 0.0029763 0.003024
623240 43.0 0.0027781 0.0027821
623241 43.5 0.0025939 0.0026316
623242 44.0 0.0024226 0.0024492
623243 44.5 0.0022632 0.0022927
623244 45.0 0.0021148 0.002189
623245 45.5 0.001983 0.0021005
623246 46.0 0.0018594 0.0019405
623247 46.5 0.0017437 0.0018241
623248 47.0 0.0016352 0.0017208
623249 47.5 0.0015336 0.0016129
623250 48.0 0.0014384 0.0015095
623251 48.5 0.0013491 0.0013968
623252 49.0 0.0012654 0.0013093
623253 49.5 0.001187 0.001259
623254 50.0 0.0011135 0.0011733
623255 50.5 0.0010487 0.001089
623256 51.0 0.00098743 0.0010298
623257 51.5 0.00092954 0.00095997
623258 52.0 0.00087485 0.00090539
623259 52.5 0.00082321 0.00084562
623260 53.0 0.00077443 0.00078709
623261 53.5 0.00072839 0.00072705
623262 54.0 0.00068493 0.00068035
623263 54.5 0.00064391 0.00064255
623264 55.0 0.00060522 0.00059853
623265 55.5 0.00056946 0.00056358
623266 56.0 0.00053563 0.0005317
623267 56.5 0.00050363 0.000519
623268 57.0 0.00047338 0.00047486
623269 57.5 0.0004448 0.00043841
623270 58.0 0.00041778 0.00040336
623271 58.5 0.00039227 0.00038035
623272 59.0 0.00036818 0.00036347
623273 59.5 0.00034544 0.00034064
623274 60.0 0.00032399 0.0003179
623275 60.5 0.00030372 0.00030901
623276 61.0 0.00028463 0.00029293
623277 61.5 0.00026664 0.00027397
623278 62.0 0.00024971 0.00025704
623279 62.5 0.00023377 0.00023861
623280 63.0 0.00021877 0.00021584
623281 63.5 0.00020467 0.00019815
623282 64.0 0.0001914 0.00018247
623283 64.5 0.00017893 0.00017022
623284 65.0 0.00016721 0.0001638
623285 65.5 0.0001562 0.00015267
623286 66.0 0.00014585 0.00014078
623287 66.5 0.00013614 0.00013452
623288 67.0 0.00012702 0.00012458
623289 67.5 0.00011847 0.00011593
623290 68.0 0.00011044 0.00010658
623291 68.5 0.00010291 9.7494e-05
623292 69.0 9.586e-05 9.3788e-05
623293 69.5 8.9252e-05 8.588e-05
623294 70.0 8.3063e-05 7.9711e-05
623295 70.5 7.7163e-05 7.2627e-05
623296 71.0 7.1662e-05 6.7757e-05
623297 71.5 6.6533e-05 6.3553e-05
623298 72.0 6.1754e-05 6.0202e-05
623299 72.5 5.73e-05 5.5599e-05
623300 73.0 5.3152e-05 4.9405e-05
623301 73.5 4.929e-05 4.5907e-05
623302 74.0 4.5694e-05 4.3983e-05
623303 74.5 4.2348e-05 4.182e-05
623304 75.0 3.9234e-05 3.9249e-05
623305 75.5 3.6322e-05 3.5331e-05
623306 76.0 3.362e-05 3.2362e-05
623307 76.5 3.1114e-05 3.0079e-05
623308 77.0 2.879e-05 2.7879e-05
623309 77.5 2.6635e-05 2.5475e-05
623310 78.0 2.4638e-05 2.3267e-05
623311 78.5 2.2786e-05 2.1272e-05
623312 79.0 2.107e-05 1.9398e-05
623313 79.5 1.948e-05 1.8009e-05
623314 80.0 1.8007e-05 1.6859e-05
623315 80.5 1.6666e-05 1.5664e-05
623316 81.0 1.5421e-05 1.4815e-05
623317 81.5 1.4266e-05 1.3395e-05
623318 82.0 1.3195e-05 1.2459e-05
623319 82.5 1.2201e-05 1.1441e-05
623320 83.0 1.1279e-05 1.0711e-05
623321 83.5 1.0424e-05 9.9831e-06
623322 84.0 9.6315e-06 9.1707e-06
623323 84.5 8.8972e-06 8.4065e-06
623324 85.0 8.2168e-06 7.6965e-06
623325 85.5 7.5691e-06 7.1892e-06
623326 86.0 6.9703e-06 6.8424e-06
623327 86.5 6.4168e-06 6.1114e-06
623328 87.0 5.9053e-06 5.7417e-06
623329 87.5 5.4329e-06 5.2667e-06
623330 88.0 4.9967e-06 4.7347e-06
623331 88.5 4.5939e-06 4.3236e-06
623332 89.0 4.2223e-06 4.0665e-06
623333 89.5 3.8794e-06 3.563e-06
623334 90.0 3.5632e-06 3.2984e-06
623335 90.5 3.2661e-06 3.1009e-06
623336 91.0 2.9921e-06 2.7677e-06
623337 91.5 2.7394e-06 2.4655e-06
623338 92.0 2.5064e-06 2.2091e-06
623339 92.5 2.2918e-06 2.0142e-06
623340 93.0 2.0942e-06 1.876e-06
623341 93.5 1.9124e-06 1.697e-06
623342 94.0 1.7451e-06 1.6551e-06
623343 94.5 1.5915e-06 1.5368e-06
623344 95.0 1.4504e-06 1.3626e-06
623345 95.5 1.3156e-06 1.1986e-06
623346 96.0 1.1938e-06 1.1519e-06
623347 96.5 1.0837e-06 1.0845e-06
623348 97.0 9.8411e-07 1.0027e-06
623349 97.5 8.94e-07 9.0908e-07
623350 98.0 8.1243e-07 8.2263e-07
623351 98.5 7.3857e-07 6.7124e-07
623352 99.0 6.7167e-07 6.2135e-07
623353 99.5 6.1105e-07 5.575e-07
623354 100.0 5.5611e-07 5.4158e-07
623355 100.5 5.0368e-07 4.7448e-07
623356 101.0 4.5678e-07 4.6082e-07
623357 101.5 4.1476e-07 3.8564e-07
623358 102.0 3.7705e-07 3.5892e-07
623359 102.5 3.4316e-07 3.1488e-07
623360 103.0 3.1267e-07 2.7939e-07
623361 103.5 2.852e-07 2.6277e-07
623362 104.0 2.6042e-07 2.4256e-07
623363 104.5 2.3804e-07 2.2426e-07
623364 105.0 2.1782e-07 2.0789e-07
623365 105.5 1.9878e-07 1.8564e-07
623366 106.0 1.8174e-07 1.699e-07
623367 106.5 1.6645e-07 1.599e-07
623368 107.0 1.5269e-07 1.3448e-07
623369 107.5 1.4029e-07 1.3444e-07
623370 108.0 1.2908e-07 1.1888e-07
623371 108.5 1.1894e-07 1.1072e-07
623372 109.0 1.0974e-07 9.9895e-08
623373 109.5 1.0139e-07 9.374e-08
623374 110.0 9.3782e-08 8.5611e-08
623375 110.5 8.6689e-08 8.1689e-08
623376 111.0 8.027e-08 7.8015e-08
623377 111.5 7.4446e-08 7.2588e-08
623378 112.0 6.9146e-08 6.6219e-08
623379 112.5 6.4312e-08 6.3222e-08
623380 113.0 5.9892e-08 6.0018e-08
623381 113.5 5.5844e-08 5.3551e-08
623382 114.0 5.2129e-08 5.1218e-08
623383 114.5 4.8712e-08 5.0011e-08
623384 115.0 4.5565e-08 4.5864e-08
623385 115.5 4.2658e-08 4.3826e-08
623386 116.0 3.9975e-08 3.8587e-08
623387 116.5 3.7495e-08 3.6656e-08
623388 117.0 3.5199e-08 3.5431e-08
623389 117.5 3.307e-08 3.4093e-08
623390 118.0 3.1094e-08 3.1602e-08
623391 118.5 2.9258e-08 3.0321e-08
623392 119.0 2.755e-08 2.8513e-08
623393 119.5 2.5959e-08 2.6739e-08
623394 120.0 2.4476e-08 2.5219e-08
623395 120.5 2.3096e-08 2.3709e-08
623396 121.0 2.1815e-08 2.2296e-08
623397 121.5 2.0624e-08 2.1504e-08
623398 122.0 1.9516e-08 2.0185e-08
623399 122.5 1.8484e-08 1.9318e-08
623400 123.0 1.7523e-08 1.7915e-08
623401 123.5 1.6627e-08 1.7501e-08
623402 124.0 1.579e-08 1.692e-08
623403 124.5 1.5009e-08 1.6082e-08
623404 125.0 1.4278e-08 1.5126e-08
623405 125.5 1.3595e-08 1.4338e-08
623406 126.0 1.2955e-08 1.3357e-08
623407 126.5 1.2355e-08 1.2882e-08
623408 127.0 1.1792e-08 1.1849e-08
623409 127.5 1.1263e-08 1.1006e-08
623410 128.0 1.0766e-08 1.0524e-08
623411 128.5 1.0298e-08 9.9948e-09
623412 129.0 9.8578e-09 9.4235e-09
623413 129.5 9.4426e-09 9.132e-09
623414 130.0 9.0509e-09 8.6539e-09
623415 130.5 8.681e-09 8.3332e-09
623416 131.0 8.3315e-09 8.228e-09
623417 131.5 8.001e-09 7.7412e-09
623418 132.0 7.6883e-09 7.597e-09
623419 132.5 7.392e-09 7.4689e-09
623420 133.0 7.1112e-09 7.2119e-09
623421 133.5 6.8449e-09 6.9055e-09
623422 134.0 6.5921e-09 6.6522e-09
623423 134.5 6.3521e-09 6.3305e-09
623424 135.0 6.1239e-09 6.0971e-09
623425 135.5 5.9069e-09 5.7653e-09
623426 136.0 5.7004e-09 5.6444e-09
623427 136.5 5.5037e-09 5.3949e-09
623428 137.0 5.3163e-09 5.211e-09
623429 137.5 5.1377e-09 5.0069e-09
623430 138.0 4.9673e-09 4.8128e-09
623431 138.5 4.8046e-09 4.8325e-09
623432 139.0 4.6493e-09 4.603e-09
623433 139.5 4.5009e-09 4.4217e-09
623434 140.0 4.3589e-09 4.1398e-09
623435 140.5 4.2232e-09 3.9298e-09
623436 141.0 4.0932e-09 3.8451e-09
623437 141.5 3.9688e-09 3.5387e-09
623438 142.0 3.8496e-09 3.4407e-09
623439 142.5 3.7353e-09 3.4368e-09
623440 143.0 3.6258e-09 3.3792e-09
623441 143.5 3.5206e-09 3.2166e-09
623442 144.0 3.4197e-09 3.2102e-09
623443 144.5 3.3228e-09 3.0902e-09
623444 145.0 3.2297e-09 3.0862e-09
623445 145.5 3.1402e-09 2.9968e-09
623446 146.0 3.0542e-09 2.9454e-09
623447 146.5 2.9714e-09 2.9087e-09
623448 147.0 2.8918e-09 2.8007e-09
623449 147.5 2.8151e-09 2.7564e-09
623450 148.0 2.7412e-09 2.678e-09
623451 148.5 2.67e-09 2.5836e-09
623452 149.0 2.6014e-09 2.6244e-09
623453 149.5 2.5352e-09 2.6369e-09
623454 150.0 2.4714e-09 2.6205e-09
623455 150.5 2.4098e-09 2.6161e-09
623456 151.0 2.3504e-09 2.4726e-09
623457 151.5 2.293e-09 2.4246e-09
623458 152.0 2.2375e-09 2.3955e-09
623459 152.5 2.1839e-09 2.3302e-09
623460 153.0 2.1321e-09 2.2817e-09
623461 153.5 2.082e-09 2.1747e-09
623462 154.0 2.0335e-09 2.1245e-09
623463 154.5 1.9866e-09 2.0681e-09
623464 155.0 1.9413e-09 2.0159e-09
623465 155.5 1.8973e-09 1.9803e-09
623466 156.0 1.8547e-09 1.9418e-09
623467 156.5 1.8135e-09 1.8465e-09
623468 157.0 1.7735e-09 1.7823e-09
623469 157.5 1.7348e-09 1.7246e-09
623470 158.0 1.6972e-09 1.6634e-09
623471 158.5 1.6608e-09 1.6501e-09
623472 159.0 1.6255e-09 1.6603e-09
623473 159.5 1.5911e-09 1.5995e-09
623474 160.0 1.5578e-09 1.5478e-09
623475 160.5 1.5255e-09 1.5214e-09
623476 161.0 1.4941e-09 1.4822e-09
623477 161.5 1.4636e-09 1.4578e-09
623478 162.0 1.434e-09 1.4027e-09
623479 162.5 1.4051e-09 1.387e-09
623480 163.0 1.3771e-09 1.3411e-09
623481 163.5 1.3499e-09 1.3317e-09
623482 164.0 1.3234e-09 1.3201e-09
623483 164.5 1.2976e-09 1.2885e-09
623484 165.0 1.2725e-09 1.3128e-09
623485 165.5 1.2481e-09 1.2982e-09
623486 166.0 1.2243e-09 1.2754e-09
623487 166.5 1.2012e-09 1.2473e-09
623488 167.0 1.1786e-09 1.24e-09
623489 167.5 1.1567e-09 1.222e-09
623490 168.0 1.1353e-09 1.1954e-09
623491 168.5 1.1144e-09 1.1478e-09
623492 169.0 1.0941e-09 1.1114e-09
623493 169.5 1.0743e-09 1.1148e-09
623494 170.0 1.055e-09 1.1059e-09
623495 170.5 1.0361e-09 1.0646e-09
623496 171.0 1.0177e-09 1.035e-09
623497 171.5 9.9978e-10 9.9916e-10
623498 172.0 9.8227e-10 9.7225e-10
623499 172.5 9.6518e-10 9.7509e-10
623500 173.0 9.485e-10 9.8559e-10
623501 173.5 9.3221e-10 9.6846e-10
623502 174.0 9.163e-10 9.5681e-10
623503 174.5 9.0076e-10 9.119e-10
623504 175.0 8.8558e-10 9.1191e-10
623505 175.5 8.7075e-10 8.9858e-10
623506 176.0 8.5626e-10 8.8411e-10
623507 176.5 8.4209e-10 8.7791e-10
623508 177.0 8.2824e-10 8.7329e-10
623509 177.5 8.1471e-10 8.6008e-10
623510 178.0 8.0147e-10 8.5677e-10
623511 178.5 7.8852e-10 8.3825e-10
623512 179.0 7.7586e-10 8.2694e-10
623513 179.5 7.6347e-10 8.252e-10
623514 180.0 7.5134e-10 8.0291e-10
623515 180.5 7.3948e-10 7.8722e-10
623516 181.0 7.2787e-10 7.663e-10
623517 181.5 7.1651e-10 7.5916e-10
623518 182.0 7.0539e-10 7.3712e-10
623519 182.5 6.945e-10 7.2105e-10
623520 183.0 6.8383e-10 7.1315e-10
623521 183.5 6.7339e-10 6.9791e-10
623522 184.0 6.6315e-10 6.9956e-10
623523 184.5 6.5313e-10 6.9004e-10
623524 185.0 6.4331e-10 6.9218e-10
623525 185.5 6.3369e-10 6.7608e-10
623526 186.0 6.2426e-10 6.7048e-10
623527 186.5 6.1502e-10 6.5751e-10
623528 187.0 6.0596e-10 6.4572e-10
623529 187.5 5.9708e-10 6.5324e-10
623530 188.0 5.8838e-10 6.3994e-10
623531 188.5 5.7984e-10 6.3543e-10
623532 189.0 5.7147e-10 6.4007e-10
623533 189.5 5.6326e-10 6.3165e-10
623534 190.0 5.5521e-10 6.0703e-10
623535 190.5 5.473e-10 5.8797e-10
623536 191.0 5.3955e-10 5.7675e-10
623537 191.5 5.3195e-10 5.6177e-10
623538 192.0 5.2448e-10 5.6574e-10
623539 192.5 5.1716e-10 5.5967e-10
623540 193.0 5.0997e-10 5.5304e-10
623541 193.5 5.0292e-10 5.3582e-10
623542 194.0 4.9599e-10 5.149e-10
623543 194.5 4.8919e-10 5.1824e-10
623544 195.0 4.8251e-10 5.0736e-10
623545 195.5 4.7595e-10 4.9254e-10
623546 196.0 4.6951e-10 4.7337e-10
623547 196.5 4.6319e-10 4.6988e-10
623548 197.0 4.5697e-10 4.5006e-10
623549 197.5 4.5087e-10 4.3812e-10
623550 198.0 4.4487e-10 4.1932e-10
623551 198.5 4.3898e-10 4.2106e-10
623552 199.0 4.3319e-10 4.0847e-10
623553 199.5 4.275e-10 4.1788e-10
623554 200.0 4.2191e-10 4.1296e-10
