 Hgtkm DensMean DensPert
624758 0.0 1.1656 1.1737
624759 0.5 1.1117 1.1064
624760 1.0 1.06 1.0722
624761 1.5 1.0101 1.0219
624762 2.0 0.96405 0.98179
624763 2.5 0.91875 0.93137
624764 3.0 0.87485 0.88603
624765 3.5 0.83389 0.8437
624766 4.0 0.79521 0.80762
624767 4.5 0.75791 0.7701
624768 5.0 0.72062 0.72926
624769 5.5 0.68516 0.69224
624770 6.0 0.65099 0.65747
624771 6.5 0.61753 0.62379
624772 7.0 0.5858 0.59248
624773 7.5 0.5557 0.56117
624774 8.0 0.52637 0.53158
624775 8.5 0.49854 0.50041
624776 9.0 0.47219 0.47598
624777 9.5 0.44723 0.45148
624778 10.0 0.42223 0.42664
624779 10.5 0.39833 0.40167
624780 11.0 0.37498 0.37794
624781 11.5 0.35148 0.3538
624782 12.0 0.32946 0.33073
624783 12.5 0.30821 0.30919
624784 13.0 0.2875 0.28581
624785 13.5 0.26819 0.2653
624786 14.0 0.25018 0.24858
624787 14.5 0.23224 0.22922
624788 15.0 0.21522 0.21309
624789 15.5 0.19945 0.19701
624790 16.0 0.18484 0.18114
624791 16.5 0.1713 0.16892
624792 17.0 0.15766 0.15817
624793 17.5 0.14477 0.14539
624794 18.0 0.13294 0.13341
624795 18.5 0.12208 0.12246
624796 19.0 0.11216 0.11221
624797 19.5 0.10313 0.10301
624798 20.0 0.09483 0.094405
624799 20.5 0.087198 0.087068
624800 21.0 0.080207 0.080037
624801 21.5 0.073926 0.07356
624802 22.0 0.068138 0.067501
624803 22.5 0.062804 0.061957
624804 23.0 0.057888 0.057531
624805 23.5 0.053357 0.053005
624806 24.0 0.049182 0.049192
624807 24.5 0.045387 0.045468
624808 25.0 0.041919 0.041744
624809 25.5 0.038717 0.038759
624810 26.0 0.035759 0.035759
624811 26.5 0.033028 0.033055
624812 27.0 0.030517 0.030385
624813 27.5 0.028214 0.028224
624814 28.0 0.02607 0.026215
624815 28.5 0.024079 0.024201
624816 29.0 0.022235 0.022453
624817 29.5 0.020534 0.020761
624818 30.0 0.018972 0.019182
624819 30.5 0.017528 0.017782
624820 31.0 0.016206 0.016397
624821 31.5 0.014997 0.015129
624822 32.0 0.013887 0.013934
624823 32.5 0.012864 0.013003
624824 33.0 0.01192 0.012082
624825 33.5 0.011049 0.011251
624826 34.0 0.010245 0.010455
624827 34.5 0.0095026 0.0096996
624828 35.0 0.0088171 0.0088996
624829 35.5 0.0081759 0.008241
624830 36.0 0.0075843 0.0076266
624831 36.5 0.0070383 0.0072198
624832 37.0 0.0065342 0.0065951
624833 37.5 0.0060686 0.0061342
624834 38.0 0.0056384 0.0057328
624835 38.5 0.0052406 0.0053078
624836 39.0 0.0048728 0.0049775
624837 39.5 0.0045324 0.0046157
624838 40.0 0.0042174 0.0042069
624839 40.5 0.0039312 0.0039535
624840 41.0 0.0036655 0.0037358
624841 41.5 0.0034187 0.0034789
624842 42.0 0.0031894 0.0032228
624843 42.5 0.0029763 0.0029654
624844 43.0 0.0027781 0.0027491
624845 43.5 0.0025939 0.0026331
624846 44.0 0.0024226 0.0024565
624847 44.5 0.0022632 0.0023157
624848 45.0 0.0021148 0.0021619
624849 45.5 0.001983 0.0020168
624850 46.0 0.0018594 0.001847
624851 46.5 0.0017437 0.0017234
624852 47.0 0.0016352 0.0016404
624853 47.5 0.0015336 0.0015209
624854 48.0 0.0014384 0.0014264
624855 48.5 0.0013491 0.0013385
624856 49.0 0.0012654 0.0012571
624857 49.5 0.001187 0.0011977
624858 50.0 0.0011135 0.0011021
624859 50.5 0.0010487 0.0010445
624860 51.0 0.00098743 0.0010087
624861 51.5 0.00092954 0.00094709
624862 52.0 0.00087485 0.0009078
624863 52.5 0.00082321 0.00084784
624864 53.0 0.00077443 0.00081452
624865 53.5 0.00072839 0.0007645
624866 54.0 0.00068493 0.00072521
624867 54.5 0.00064391 0.00067434
624868 55.0 0.00060522 0.00063789
624869 55.5 0.00056946 0.00059722
624870 56.0 0.00053563 0.00055891
624871 56.5 0.00050363 0.00052349
624872 57.0 0.00047338 0.00051526
624873 57.5 0.0004448 0.00049172
624874 58.0 0.00041778 0.00045932
624875 58.5 0.00039227 0.00042151
624876 59.0 0.00036818 0.00039202
624877 59.5 0.00034544 0.00037111
624878 60.0 0.00032399 0.00035342
624879 60.5 0.00030372 0.00032563
624880 61.0 0.00028463 0.00029932
624881 61.5 0.00026664 0.00027324
624882 62.0 0.00024971 0.00026118
624883 62.5 0.00023377 0.00024095
624884 63.0 0.00021877 0.0002223
624885 63.5 0.00020467 0.00020741
624886 64.0 0.0001914 0.00018915
624887 64.5 0.00017893 0.00017513
624888 65.0 0.00016721 0.00015855
624889 65.5 0.0001562 0.00014878
624890 66.0 0.00014585 0.00013904
624891 66.5 0.00013614 0.00013039
624892 67.0 0.00012702 0.00012455
624893 67.5 0.00011847 0.00011911
624894 68.0 0.00011044 0.00011161
624895 68.5 0.00010291 0.00010467
624896 69.0 9.586e-05 9.9327e-05
624897 69.5 8.9252e-05 8.9695e-05
624898 70.0 8.3063e-05 8.2821e-05
624899 70.5 7.7163e-05 7.3795e-05
624900 71.0 7.1662e-05 6.9958e-05
624901 71.5 6.6533e-05 6.3827e-05
624902 72.0 6.1754e-05 6.0022e-05
624903 72.5 5.73e-05 5.5439e-05
624904 73.0 5.3152e-05 5.1743e-05
624905 73.5 4.929e-05 4.6628e-05
624906 74.0 4.5694e-05 4.3785e-05
624907 74.5 4.2348e-05 4.2046e-05
624908 75.0 3.9234e-05 3.7849e-05
624909 75.5 3.6322e-05 3.5296e-05
624910 76.0 3.362e-05 3.1978e-05
624911 76.5 3.1114e-05 2.901e-05
624912 77.0 2.879e-05 2.7392e-05
624913 77.5 2.6635e-05 2.5636e-05
624914 78.0 2.4638e-05 2.373e-05
624915 78.5 2.2786e-05 2.1557e-05
624916 79.0 2.107e-05 1.9955e-05
624917 79.5 1.948e-05 1.9127e-05
624918 80.0 1.8007e-05 1.7524e-05
624919 80.5 1.6666e-05 1.6287e-05
624920 81.0 1.5421e-05 1.4636e-05
624921 81.5 1.4266e-05 1.3914e-05
624922 82.0 1.3195e-05 1.283e-05
624923 82.5 1.2201e-05 1.186e-05
624924 83.0 1.1279e-05 1.0931e-05
624925 83.5 1.0424e-05 1.0094e-05
624926 84.0 9.6315e-06 9.4347e-06
624927 84.5 8.8972e-06 8.8579e-06
624928 85.0 8.2168e-06 8.3953e-06
624929 85.5 7.5691e-06 7.6681e-06
624930 86.0 6.9703e-06 6.8848e-06
624931 86.5 6.4168e-06 6.2246e-06
624932 87.0 5.9053e-06 5.7568e-06
624933 87.5 5.4329e-06 5.2747e-06
624934 88.0 4.9967e-06 4.919e-06
624935 88.5 4.5939e-06 4.4368e-06
624936 89.0 4.2223e-06 3.855e-06
624937 89.5 3.8794e-06 3.5086e-06
624938 90.0 3.5632e-06 3.166e-06
624939 90.5 3.2661e-06 2.7822e-06
624940 91.0 2.9921e-06 2.5025e-06
624941 91.5 2.7394e-06 2.2397e-06
624942 92.0 2.5064e-06 2.0752e-06
624943 92.5 2.2918e-06 1.9858e-06
624944 93.0 2.0942e-06 1.8319e-06
624945 93.5 1.9124e-06 1.7488e-06
624946 94.0 1.7451e-06 1.6762e-06
624947 94.5 1.5915e-06 1.5208e-06
624948 95.0 1.4504e-06 1.4724e-06
624949 95.5 1.3156e-06 1.2764e-06
624950 96.0 1.1938e-06 1.1201e-06
624951 96.5 1.0837e-06 1.0268e-06
624952 97.0 9.8411e-07 9.4264e-07
624953 97.5 8.94e-07 8.9666e-07
624954 98.0 8.1243e-07 8.1284e-07
624955 98.5 7.3857e-07 7.3333e-07
624956 99.0 6.7167e-07 6.9428e-07
624957 99.5 6.1105e-07 6.4527e-07
624958 100.0 5.5611e-07 6.2449e-07
624959 100.5 5.0368e-07 6.0214e-07
624960 101.0 4.5678e-07 5.0336e-07
624961 101.5 4.1476e-07 4.5979e-07
624962 102.0 3.7705e-07 4.0555e-07
624963 102.5 3.4316e-07 3.5598e-07
624964 103.0 3.1267e-07 3.0711e-07
624965 103.5 2.852e-07 2.9672e-07
624966 104.0 2.6042e-07 2.6911e-07
624967 104.5 2.3804e-07 2.5697e-07
624968 105.0 2.1782e-07 2.3447e-07
624969 105.5 1.9878e-07 2.1242e-07
624970 106.0 1.8174e-07 2.0562e-07
624971 106.5 1.6645e-07 1.9042e-07
624972 107.0 1.5269e-07 1.6665e-07
624973 107.5 1.4029e-07 1.6049e-07
624974 108.0 1.2908e-07 1.4467e-07
624975 108.5 1.1894e-07 1.3443e-07
624976 109.0 1.0974e-07 1.1761e-07
624977 109.5 1.0139e-07 1.0596e-07
624978 110.0 9.3782e-08 1.0129e-07
624979 110.5 8.6689e-08 9.3201e-08
624980 111.0 8.027e-08 8.5724e-08
624981 111.5 7.4446e-08 8.0525e-08
624982 112.0 6.9146e-08 7.6029e-08
624983 112.5 6.4312e-08 6.8947e-08
624984 113.0 5.9892e-08 6.9838e-08
624985 113.5 5.5844e-08 6.4506e-08
624986 114.0 5.2129e-08 5.7158e-08
624987 114.5 4.8712e-08 5.1506e-08
624988 115.0 4.5565e-08 4.8914e-08
624989 115.5 4.2658e-08 4.6319e-08
624990 116.0 3.9975e-08 4.3068e-08
624991 116.5 3.7495e-08 4.1185e-08
624992 117.0 3.5199e-08 3.8107e-08
624993 117.5 3.307e-08 3.61e-08
624994 118.0 3.1094e-08 3.2987e-08
624995 118.5 2.9258e-08 3.1384e-08
624996 119.0 2.755e-08 3.0111e-08
624997 119.5 2.5959e-08 2.747e-08
624998 120.0 2.4476e-08 2.5649e-08
624999 120.5 2.3096e-08 2.3797e-08
625000 121.0 2.1815e-08 2.2308e-08
625001 121.5 2.0624e-08 2.0674e-08
625002 122.0 1.9516e-08 1.9605e-08
625003 122.5 1.8484e-08 1.8285e-08
625004 123.0 1.7523e-08 1.7638e-08
625005 123.5 1.6627e-08 1.6514e-08
625006 124.0 1.579e-08 1.5889e-08
625007 124.5 1.5009e-08 1.5199e-08
625008 125.0 1.4278e-08 1.4611e-08
625009 125.5 1.3595e-08 1.4193e-08
625010 126.0 1.2955e-08 1.3391e-08
625011 126.5 1.2355e-08 1.2995e-08
625012 127.0 1.1792e-08 1.2566e-08
625013 127.5 1.1263e-08 1.1916e-08
625014 128.0 1.0766e-08 1.1456e-08
625015 128.5 1.0298e-08 1.115e-08
625016 129.0 9.8578e-09 1.066e-08
625017 129.5 9.4426e-09 1.0513e-08
625018 130.0 9.0509e-09 1.0093e-08
625019 130.5 8.681e-09 9.7439e-09
625020 131.0 8.3315e-09 9.0531e-09
625021 131.5 8.001e-09 8.6573e-09
625022 132.0 7.6883e-09 8.526e-09
625023 132.5 7.392e-09 8.2743e-09
625024 133.0 7.1112e-09 7.9563e-09
625025 133.5 6.8449e-09 7.7821e-09
625026 134.0 6.5921e-09 7.5741e-09
625027 134.5 6.3521e-09 7.3126e-09
625028 135.0 6.1239e-09 7.0345e-09
625029 135.5 5.9069e-09 6.835e-09
625030 136.0 5.7004e-09 6.2373e-09
625031 136.5 5.5037e-09 6.0072e-09
625032 137.0 5.3163e-09 5.875e-09
625033 137.5 5.1377e-09 5.7277e-09
625034 138.0 4.9673e-09 5.4622e-09
625035 138.5 4.8046e-09 5.2231e-09
625036 139.0 4.6493e-09 5.0925e-09
625037 139.5 4.5009e-09 4.7892e-09
625038 140.0 4.3589e-09 4.6405e-09
625039 140.5 4.2232e-09 4.4135e-09
625040 141.0 4.0932e-09 4.2508e-09
625041 141.5 3.9688e-09 4.0197e-09
625042 142.0 3.8496e-09 3.8989e-09
625043 142.5 3.7353e-09 3.7942e-09
625044 143.0 3.6258e-09 3.635e-09
625045 143.5 3.5206e-09 3.5375e-09
625046 144.0 3.4197e-09 3.5668e-09
625047 144.5 3.3228e-09 3.4897e-09
625048 145.0 3.2297e-09 3.2992e-09
625049 145.5 3.1402e-09 3.2314e-09
625050 146.0 3.0542e-09 3.1175e-09
625051 146.5 2.9714e-09 3.0053e-09
625052 147.0 2.8918e-09 2.9358e-09
625053 147.5 2.8151e-09 2.923e-09
625054 148.0 2.7412e-09 2.7362e-09
625055 148.5 2.67e-09 2.688e-09
625056 149.0 2.6014e-09 2.6191e-09
625057 149.5 2.5352e-09 2.4953e-09
625058 150.0 2.4714e-09 2.4947e-09
625059 150.5 2.4098e-09 2.4589e-09
625060 151.0 2.3504e-09 2.3878e-09
625061 151.5 2.293e-09 2.274e-09
625062 152.0 2.2375e-09 2.2218e-09
625063 152.5 2.1839e-09 2.1854e-09
625064 153.0 2.1321e-09 2.1655e-09
625065 153.5 2.082e-09 2.1334e-09
625066 154.0 2.0335e-09 2.1502e-09
625067 154.5 1.9866e-09 2.0249e-09
625068 155.0 1.9413e-09 1.9738e-09
625069 155.5 1.8973e-09 1.9382e-09
625070 156.0 1.8547e-09 1.8838e-09
625071 156.5 1.8135e-09 1.8451e-09
625072 157.0 1.7735e-09 1.7885e-09
625073 157.5 1.7348e-09 1.7637e-09
625074 158.0 1.6972e-09 1.7251e-09
625075 158.5 1.6608e-09 1.6448e-09
625076 159.0 1.6255e-09 1.573e-09
625077 159.5 1.5911e-09 1.5106e-09
625078 160.0 1.5578e-09 1.468e-09
625079 160.5 1.5255e-09 1.4068e-09
625080 161.0 1.4941e-09 1.3675e-09
625081 161.5 1.4636e-09 1.3185e-09
625082 162.0 1.434e-09 1.3116e-09
625083 162.5 1.4051e-09 1.2821e-09
625084 163.0 1.3771e-09 1.2466e-09
625085 163.5 1.3499e-09 1.2792e-09
625086 164.0 1.3234e-09 1.2571e-09
625087 164.5 1.2976e-09 1.215e-09
625088 165.0 1.2725e-09 1.1636e-09
625089 165.5 1.2481e-09 1.1207e-09
625090 166.0 1.2243e-09 1.0848e-09
625091 166.5 1.2012e-09 1.0434e-09
625092 167.0 1.1786e-09 1.0135e-09
625093 167.5 1.1567e-09 9.984e-10
625094 168.0 1.1353e-09 9.9044e-10
625095 168.5 1.1144e-09 9.935e-10
625096 169.0 1.0941e-09 9.951e-10
625097 169.5 1.0743e-09 9.9896e-10
625098 170.0 1.055e-09 9.9954e-10
625099 170.5 1.0361e-09 1.006e-09
625100 171.0 1.0177e-09 9.8569e-10
625101 171.5 9.9978e-10 9.8011e-10
625102 172.0 9.8227e-10 9.6986e-10
625103 172.5 9.6518e-10 9.7169e-10
625104 173.0 9.485e-10 9.5603e-10
625105 173.5 9.3221e-10 9.409e-10
625106 174.0 9.163e-10 9.2478e-10
625107 174.5 9.0076e-10 8.9416e-10
625108 175.0 8.8558e-10 8.6364e-10
625109 175.5 8.7075e-10 8.3511e-10
625110 176.0 8.5626e-10 8.1683e-10
625111 176.5 8.4209e-10 7.8215e-10
625112 177.0 8.2824e-10 7.8404e-10
625113 177.5 8.1471e-10 7.7263e-10
625114 178.0 8.0147e-10 7.8095e-10
625115 178.5 7.8852e-10 7.5119e-10
625116 179.0 7.7586e-10 7.4078e-10
625117 179.5 7.6347e-10 7.4365e-10
625118 180.0 7.5134e-10 7.295e-10
625119 180.5 7.3948e-10 7.181e-10
625120 181.0 7.2787e-10 7.2582e-10
625121 181.5 7.1651e-10 7.2314e-10
625122 182.0 7.0539e-10 6.9408e-10
625123 182.5 6.945e-10 6.9146e-10
625124 183.0 6.8383e-10 6.6743e-10
625125 183.5 6.7339e-10 6.596e-10
625126 184.0 6.6315e-10 6.3884e-10
625127 184.5 6.5313e-10 6.4014e-10
625128 185.0 6.4331e-10 6.2874e-10
625129 185.5 6.3369e-10 6.1722e-10
625130 186.0 6.2426e-10 6.2522e-10
625131 186.5 6.1502e-10 6.1741e-10
625132 187.0 6.0596e-10 5.859e-10
625133 187.5 5.9708e-10 5.6914e-10
625134 188.0 5.8838e-10 5.7909e-10
625135 188.5 5.7984e-10 5.8932e-10
625136 189.0 5.7147e-10 5.8088e-10
625137 189.5 5.6326e-10 5.5004e-10
625138 190.0 5.5521e-10 5.6109e-10
625139 190.5 5.473e-10 5.6378e-10
625140 191.0 5.3955e-10 5.4786e-10
625141 191.5 5.3195e-10 5.4335e-10
625142 192.0 5.2448e-10 5.33e-10
625143 192.5 5.1716e-10 5.1327e-10
625144 193.0 5.0997e-10 4.9589e-10
625145 193.5 5.0292e-10 4.827e-10
625146 194.0 4.9599e-10 4.7738e-10
625147 194.5 4.8919e-10 4.7225e-10
625148 195.0 4.8251e-10 4.7674e-10
625149 195.5 4.7595e-10 4.8041e-10
625150 196.0 4.6951e-10 4.7946e-10
625151 196.5 4.6319e-10 4.7488e-10
625152 197.0 4.5697e-10 4.6414e-10
625153 197.5 4.5087e-10 4.6396e-10
625154 198.0 4.4487e-10 4.539e-10
625155 198.5 4.3898e-10 4.4722e-10
625156 199.0 4.3319e-10 4.387e-10
625157 199.5 4.275e-10 4.3198e-10
625158 200.0 4.2191e-10 4.2532e-10
