 Hgtkm DensMean DensPert
628367 0.0 1.1656 1.1368
628368 0.5 1.1117 1.0948
628369 1.0 1.06 1.0745
628370 1.5 1.0101 1.0017
628371 2.0 0.96405 0.9454
628372 2.5 0.91875 0.89397
628373 3.0 0.87485 0.85602
628374 3.5 0.83389 0.83273
628375 4.0 0.79521 0.79459
628376 4.5 0.75791 0.75253
628377 5.0 0.72062 0.719
628378 5.5 0.68516 0.68342
628379 6.0 0.65099 0.65108
628380 6.5 0.61753 0.62372
628381 7.0 0.5858 0.59449
628382 7.5 0.5557 0.55692
628383 8.0 0.52637 0.53545
628384 8.5 0.49854 0.50049
628385 9.0 0.47219 0.46762
628386 9.5 0.44723 0.44202
628387 10.0 0.42223 0.42195
628388 10.5 0.39833 0.40442
628389 11.0 0.37498 0.38375
628390 11.5 0.35148 0.36089
628391 12.0 0.32946 0.3381
628392 12.5 0.30821 0.31596
628393 13.0 0.2875 0.29346
628394 13.5 0.26819 0.27211
628395 14.0 0.25018 0.25245
628396 14.5 0.23224 0.23359
628397 15.0 0.21522 0.21828
628398 15.5 0.19945 0.20287
628399 16.0 0.18484 0.18706
628400 16.5 0.1713 0.17431
628401 17.0 0.15766 0.15881
628402 17.5 0.14477 0.14408
628403 18.0 0.13294 0.1319
628404 18.5 0.12208 0.12034
628405 19.0 0.11216 0.1116
628406 19.5 0.10313 0.10302
628407 20.0 0.09483 0.094758
628408 20.5 0.087198 0.08654
628409 21.0 0.080207 0.080007
628410 21.5 0.073926 0.073516
628411 22.0 0.068138 0.067443
628412 22.5 0.062804 0.062061
628413 23.0 0.057888 0.057257
628414 23.5 0.053357 0.052664
628415 24.0 0.049182 0.048931
628416 24.5 0.045387 0.045207
628417 25.0 0.041919 0.041514
628418 25.5 0.038717 0.038245
628419 26.0 0.035759 0.035436
628420 26.5 0.033028 0.032741
628421 27.0 0.030517 0.030286
628422 27.5 0.028214 0.027933
628423 28.0 0.02607 0.025778
628424 28.5 0.024079 0.02384
628425 29.0 0.022235 0.021942
628426 29.5 0.020534 0.020171
628427 30.0 0.018972 0.018687
628428 30.5 0.017528 0.017157
628429 31.0 0.016206 0.015961
628430 31.5 0.014997 0.014671
628431 32.0 0.013887 0.013558
628432 32.5 0.012864 0.012547
628433 33.0 0.01192 0.011565
628434 33.5 0.011049 0.01079
628435 34.0 0.010245 0.010043
628436 34.5 0.0095026 0.0094345
628437 35.0 0.0088171 0.0087336
628438 35.5 0.0081759 0.008172
628439 36.0 0.0075843 0.0075498
628440 36.5 0.0070383 0.0069198
628441 37.0 0.0065342 0.0063606
628442 37.5 0.0060686 0.0059567
628443 38.0 0.0056384 0.0056128
628444 38.5 0.0052406 0.0051929
628445 39.0 0.0048728 0.0048687
628446 39.5 0.0045324 0.0046069
628447 40.0 0.0042174 0.0044009
628448 40.5 0.0039312 0.0040591
628449 41.0 0.0036655 0.0037718
628450 41.5 0.0034187 0.0035117
628451 42.0 0.0031894 0.0033172
628452 42.5 0.0029763 0.0030957
628453 43.0 0.0027781 0.0029358
628454 43.5 0.0025939 0.0027487
628455 44.0 0.0024226 0.0025825
628456 44.5 0.0022632 0.0024415
628457 45.0 0.0021148 0.0022741
628458 45.5 0.001983 0.0021509
628459 46.0 0.0018594 0.002007
628460 46.5 0.0017437 0.0018926
628461 47.0 0.0016352 0.0017436
628462 47.5 0.0015336 0.001614
628463 48.0 0.0014384 0.0015071
628464 48.5 0.0013491 0.0014174
628465 49.0 0.0012654 0.0013458
628466 49.5 0.001187 0.0012425
628467 50.0 0.0011135 0.0011789
628468 50.5 0.0010487 0.0010924
628469 51.0 0.00098743 0.0010261
628470 51.5 0.00092954 0.00097182
628471 52.0 0.00087485 0.00089699
628472 52.5 0.00082321 0.00085535
628473 53.0 0.00077443 0.00081547
628474 53.5 0.00072839 0.00076769
628475 54.0 0.00068493 0.00071475
628476 54.5 0.00064391 0.00067963
628477 55.0 0.00060522 0.00065064
628478 55.5 0.00056946 0.00059874
628479 56.0 0.00053563 0.0005643
628480 56.5 0.00050363 0.00053993
628481 57.0 0.00047338 0.00050703
628482 57.5 0.0004448 0.0004758
628483 58.0 0.00041778 0.00045141
628484 58.5 0.00039227 0.00042086
628485 59.0 0.00036818 0.00040044
628486 59.5 0.00034544 0.00036867
628487 60.0 0.00032399 0.000346
628488 60.5 0.00030372 0.00031847
628489 61.0 0.00028463 0.00030566
628490 61.5 0.00026664 0.00028683
628491 62.0 0.00024971 0.00026556
628492 62.5 0.00023377 0.00025009
628493 63.0 0.00021877 0.00022611
628494 63.5 0.00020467 0.00021455
628495 64.0 0.0001914 0.00020023
628496 64.5 0.00017893 0.00018553
628497 65.0 0.00016721 0.00017822
628498 65.5 0.0001562 0.00016725
628499 66.0 0.00014585 0.00015654
628500 66.5 0.00013614 0.00014443
628501 67.0 0.00012702 0.00013566
628502 67.5 0.00011847 0.00012384
628503 68.0 0.00011044 0.00011467
628504 68.5 0.00010291 0.00010559
628505 69.0 9.586e-05 9.7566e-05
628506 69.5 8.9252e-05 9.0055e-05
628507 70.0 8.3063e-05 8.359e-05
628508 70.5 7.7163e-05 7.8294e-05
628509 71.0 7.1662e-05 7.3178e-05
628510 71.5 6.6533e-05 6.8541e-05
628511 72.0 6.1754e-05 6.334e-05
628512 72.5 5.73e-05 5.8642e-05
628513 73.0 5.3152e-05 5.5657e-05
628514 73.5 4.929e-05 5.189e-05
628515 74.0 4.5694e-05 4.7502e-05
628516 74.5 4.2348e-05 4.456e-05
628517 75.0 3.9234e-05 4.1147e-05
628518 75.5 3.6322e-05 3.9052e-05
628519 76.0 3.362e-05 3.61e-05
628520 76.5 3.1114e-05 3.3296e-05
628521 77.0 2.879e-05 3.1236e-05
628522 77.5 2.6635e-05 2.8559e-05
628523 78.0 2.4638e-05 2.6442e-05
628524 78.5 2.2786e-05 2.4394e-05
628525 79.0 2.107e-05 2.2348e-05
628526 79.5 1.948e-05 2.0675e-05
628527 80.0 1.8007e-05 1.8884e-05
628528 80.5 1.6666e-05 1.7322e-05
628529 81.0 1.5421e-05 1.6242e-05
628530 81.5 1.4266e-05 1.4923e-05
628531 82.0 1.3195e-05 1.3795e-05
628532 82.5 1.2201e-05 1.2906e-05
628533 83.0 1.1279e-05 1.178e-05
628534 83.5 1.0424e-05 1.0958e-05
628535 84.0 9.6315e-06 1.0249e-05
628536 84.5 8.8972e-06 9.5857e-06
628537 85.0 8.2168e-06 8.9964e-06
628538 85.5 7.5691e-06 8.2436e-06
628539 86.0 6.9703e-06 7.5492e-06
628540 86.5 6.4168e-06 6.7681e-06
628541 87.0 5.9053e-06 6.1244e-06
628542 87.5 5.4329e-06 5.6082e-06
628543 88.0 4.9967e-06 5.0601e-06
628544 88.5 4.5939e-06 4.5314e-06
628545 89.0 4.2223e-06 4.2235e-06
628546 89.5 3.8794e-06 3.7971e-06
628547 90.0 3.5632e-06 3.6013e-06
628548 90.5 3.2661e-06 3.3978e-06
628549 91.0 2.9921e-06 2.9899e-06
628550 91.5 2.7394e-06 2.7703e-06
628551 92.0 2.5064e-06 2.5398e-06
628552 92.5 2.2918e-06 2.3832e-06
628553 93.0 2.0942e-06 2.1838e-06
628554 93.5 1.9124e-06 2.0858e-06
628555 94.0 1.7451e-06 1.9951e-06
628556 94.5 1.5915e-06 1.8204e-06
628557 95.0 1.4504e-06 1.7028e-06
628558 95.5 1.3156e-06 1.4753e-06
628559 96.0 1.1938e-06 1.3435e-06
628560 96.5 1.0837e-06 1.1767e-06
628561 97.0 9.8411e-07 1.0791e-06
628562 97.5 8.94e-07 9.7288e-07
628563 98.0 8.1243e-07 8.2875e-07
628564 98.5 7.3857e-07 7.6803e-07
628565 99.0 6.7167e-07 7.0925e-07
628566 99.5 6.1105e-07 6.2584e-07
628567 100.0 5.5611e-07 5.356e-07
628568 100.5 5.0368e-07 4.7772e-07
628569 101.0 4.5678e-07 4.7193e-07
628570 101.5 4.1476e-07 4.4263e-07
628571 102.0 3.7705e-07 4.1168e-07
628572 102.5 3.4316e-07 3.9027e-07
628573 103.0 3.1267e-07 3.5634e-07
628574 103.5 2.852e-07 3.09e-07
628575 104.0 2.6042e-07 2.8271e-07
628576 104.5 2.3804e-07 2.5669e-07
628577 105.0 2.1782e-07 2.4263e-07
628578 105.5 1.9878e-07 2.2607e-07
628579 106.0 1.8174e-07 2.0633e-07
628580 106.5 1.6645e-07 1.9967e-07
628581 107.0 1.5269e-07 1.807e-07
628582 107.5 1.4029e-07 1.5961e-07
628583 108.0 1.2908e-07 1.5259e-07
628584 108.5 1.1894e-07 1.3723e-07
628585 109.0 1.0974e-07 1.2731e-07
628586 109.5 1.0139e-07 1.072e-07
628587 110.0 9.3782e-08 9.9136e-08
628588 110.5 8.6689e-08 8.8608e-08
628589 111.0 8.027e-08 8.2252e-08
628590 111.5 7.4446e-08 7.6788e-08
628591 112.0 6.9146e-08 7.2746e-08
628592 112.5 6.4312e-08 6.7913e-08
628593 113.0 5.9892e-08 6.2784e-08
628594 113.5 5.5844e-08 5.8747e-08
628595 114.0 5.2129e-08 5.3329e-08
628596 114.5 4.8712e-08 5.0243e-08
628597 115.0 4.5565e-08 4.71e-08
628598 115.5 4.2658e-08 4.276e-08
628599 116.0 3.9975e-08 3.9603e-08
628600 116.5 3.7495e-08 3.7671e-08
628601 117.0 3.5199e-08 3.4586e-08
628602 117.5 3.307e-08 3.2891e-08
628603 118.0 3.1094e-08 3.1148e-08
628604 118.5 2.9258e-08 2.9187e-08
628605 119.0 2.755e-08 2.6903e-08
628606 119.5 2.5959e-08 2.5324e-08
628607 120.0 2.4476e-08 2.3045e-08
628608 120.5 2.3096e-08 2.2026e-08
628609 121.0 2.1815e-08 2.0342e-08
628610 121.5 2.0624e-08 1.9201e-08
628611 122.0 1.9516e-08 1.8853e-08
628612 122.5 1.8484e-08 1.8222e-08
628613 123.0 1.7523e-08 1.7745e-08
628614 123.5 1.6627e-08 1.5756e-08
628615 124.0 1.579e-08 1.5094e-08
628616 124.5 1.5009e-08 1.5156e-08
628617 125.0 1.4278e-08 1.414e-08
628618 125.5 1.3595e-08 1.4004e-08
628619 126.0 1.2955e-08 1.3264e-08
628620 126.5 1.2355e-08 1.2796e-08
628621 127.0 1.1792e-08 1.2332e-08
628622 127.5 1.1263e-08 1.1471e-08
628623 128.0 1.0766e-08 1.0808e-08
628624 128.5 1.0298e-08 1.0362e-08
628625 129.0 9.8578e-09 9.8498e-09
628626 129.5 9.4426e-09 9.5159e-09
628627 130.0 9.0509e-09 9.243e-09
628628 130.5 8.681e-09 8.7945e-09
628629 131.0 8.3315e-09 8.0166e-09
628630 131.5 8.001e-09 7.731e-09
628631 132.0 7.6883e-09 7.5665e-09
628632 132.5 7.392e-09 7.1216e-09
628633 133.0 7.1112e-09 6.6974e-09
628634 133.5 6.8449e-09 6.5851e-09
628635 134.0 6.5921e-09 6.4765e-09
628636 134.5 6.3521e-09 6.4139e-09
628637 135.0 6.1239e-09 6.3901e-09
628638 135.5 5.9069e-09 6.0056e-09
628639 136.0 5.7004e-09 5.7872e-09
628640 136.5 5.5037e-09 5.6238e-09
628641 137.0 5.3163e-09 5.6008e-09
628642 137.5 5.1377e-09 5.4662e-09
628643 138.0 4.9673e-09 5.2612e-09
628644 138.5 4.8046e-09 5.0242e-09
628645 139.0 4.6493e-09 5.0588e-09
628646 139.5 4.5009e-09 4.6542e-09
628647 140.0 4.3589e-09 4.5732e-09
628648 140.5 4.2232e-09 4.4065e-09
628649 141.0 4.0932e-09 4.4215e-09
628650 141.5 3.9688e-09 4.2707e-09
628651 142.0 3.8496e-09 4.0938e-09
628652 142.5 3.7353e-09 3.8982e-09
628653 143.0 3.6258e-09 3.7896e-09
628654 143.5 3.5206e-09 3.6358e-09
628655 144.0 3.4197e-09 3.4745e-09
628656 144.5 3.3228e-09 3.445e-09
628657 145.0 3.2297e-09 3.4333e-09
628658 145.5 3.1402e-09 3.3437e-09
628659 146.0 3.0542e-09 3.2329e-09
628660 146.5 2.9714e-09 3.1282e-09
628661 147.0 2.8918e-09 3.018e-09
628662 147.5 2.8151e-09 2.9421e-09
628663 148.0 2.7412e-09 2.8629e-09
628664 148.5 2.67e-09 2.6783e-09
628665 149.0 2.6014e-09 2.5393e-09
628666 149.5 2.5352e-09 2.5124e-09
628667 150.0 2.4714e-09 2.4034e-09
628668 150.5 2.4098e-09 2.3072e-09
628669 151.0 2.3504e-09 2.2597e-09
628670 151.5 2.293e-09 2.1231e-09
628671 152.0 2.2375e-09 2.064e-09
628672 152.5 2.1839e-09 2.0248e-09
628673 153.0 2.1321e-09 2.0453e-09
628674 153.5 2.082e-09 1.9847e-09
628675 154.0 2.0335e-09 2.0193e-09
628676 154.5 1.9866e-09 1.9806e-09
628677 155.0 1.9413e-09 2.0138e-09
628678 155.5 1.8973e-09 1.9662e-09
628679 156.0 1.8547e-09 1.9637e-09
628680 156.5 1.8135e-09 1.9644e-09
628681 157.0 1.7735e-09 1.9154e-09
628682 157.5 1.7348e-09 1.85e-09
628683 158.0 1.6972e-09 1.8173e-09
628684 158.5 1.6608e-09 1.7934e-09
628685 159.0 1.6255e-09 1.8004e-09
628686 159.5 1.5911e-09 1.7415e-09
628687 160.0 1.5578e-09 1.7156e-09
628688 160.5 1.5255e-09 1.6658e-09
628689 161.0 1.4941e-09 1.6355e-09
628690 161.5 1.4636e-09 1.6203e-09
628691 162.0 1.434e-09 1.5154e-09
628692 162.5 1.4051e-09 1.4933e-09
628693 163.0 1.3771e-09 1.4271e-09
628694 163.5 1.3499e-09 1.4031e-09
628695 164.0 1.3234e-09 1.3701e-09
628696 164.5 1.2976e-09 1.3402e-09
628697 165.0 1.2725e-09 1.2955e-09
628698 165.5 1.2481e-09 1.2224e-09
628699 166.0 1.2243e-09 1.1876e-09
628700 166.5 1.2012e-09 1.1575e-09
628701 167.0 1.1786e-09 1.1505e-09
628702 167.5 1.1567e-09 1.1471e-09
628703 168.0 1.1353e-09 1.0907e-09
628704 168.5 1.1144e-09 1.0953e-09
628705 169.0 1.0941e-09 1.0593e-09
628706 169.5 1.0743e-09 1.0491e-09
628707 170.0 1.055e-09 1.0202e-09
628708 170.5 1.0361e-09 9.824e-10
628709 171.0 1.0177e-09 9.4198e-10
628710 171.5 9.9978e-10 9.189e-10
628711 172.0 9.8227e-10 8.906e-10
628712 172.5 9.6518e-10 8.5426e-10
628713 173.0 9.485e-10 8.3997e-10
628714 173.5 9.3221e-10 8.299e-10
628715 174.0 9.163e-10 7.942e-10
628716 174.5 9.0076e-10 7.507e-10
628717 175.0 8.8558e-10 7.5816e-10
628718 175.5 8.7075e-10 7.6147e-10
628719 176.0 8.5626e-10 7.5976e-10
628720 176.5 8.4209e-10 7.6606e-10
628721 177.0 8.2824e-10 7.4745e-10
628722 177.5 8.1471e-10 7.4578e-10
628723 178.0 8.0147e-10 7.197e-10
628724 178.5 7.8852e-10 6.907e-10
628725 179.0 7.7586e-10 7.0322e-10
628726 179.5 7.6347e-10 6.928e-10
628727 180.0 7.5134e-10 7.1248e-10
628728 180.5 7.3948e-10 6.9821e-10
628729 181.0 7.2787e-10 6.8234e-10
628730 181.5 7.1651e-10 6.741e-10
628731 182.0 7.0539e-10 6.542e-10
628732 182.5 6.945e-10 6.4509e-10
628733 183.0 6.8383e-10 6.3227e-10
628734 183.5 6.7339e-10 6.1522e-10
628735 184.0 6.6315e-10 6.1971e-10
628736 184.5 6.5313e-10 6.0302e-10
628737 185.0 6.4331e-10 6.152e-10
628738 185.5 6.3369e-10 6.1761e-10
628739 186.0 6.2426e-10 6.002e-10
628740 186.5 6.1502e-10 5.9709e-10
628741 187.0 6.0596e-10 5.9252e-10
628742 187.5 5.9708e-10 5.9123e-10
628743 188.0 5.8838e-10 5.6752e-10
628744 188.5 5.7984e-10 5.7201e-10
628745 189.0 5.7147e-10 5.7812e-10
628746 189.5 5.6326e-10 5.723e-10
628747 190.0 5.5521e-10 5.7824e-10
628748 190.5 5.473e-10 5.7605e-10
628749 191.0 5.3955e-10 5.7203e-10
628750 191.5 5.3195e-10 5.7115e-10
628751 192.0 5.2448e-10 5.6505e-10
628752 192.5 5.1716e-10 5.5378e-10
628753 193.0 5.0997e-10 5.447e-10
628754 193.5 5.0292e-10 5.3982e-10
628755 194.0 4.9599e-10 5.2621e-10
628756 194.5 4.8919e-10 5.2527e-10
628757 195.0 4.8251e-10 5.0778e-10
628758 195.5 4.7595e-10 4.8755e-10
628759 196.0 4.6951e-10 4.8781e-10
628760 196.5 4.6319e-10 4.7974e-10
628761 197.0 4.5697e-10 4.709e-10
628762 197.5 4.5087e-10 4.6895e-10
628763 198.0 4.4487e-10 4.5743e-10
628764 198.5 4.3898e-10 4.6164e-10
628765 199.0 4.3319e-10 4.534e-10
628766 199.5 4.275e-10 4.5152e-10
628767 200.0 4.2191e-10 4.4431e-10
