 Hgtkm DensMean DensPert
886611 0.0 1.1656 1.1788
886612 0.5 1.1117 1.1235
886613 1.0 1.06 1.0778
886614 1.5 1.0101 1.0412
886615 2.0 0.96405 1.0092
886616 2.5 0.91875 0.94728
886617 3.0 0.87485 0.89499
886618 3.5 0.83389 0.85468
886619 4.0 0.79521 0.81021
886620 4.5 0.75791 0.7682
886621 5.0 0.72062 0.72798
886622 5.5 0.68516 0.69103
886623 6.0 0.65099 0.6534
886624 6.5 0.61753 0.61873
886625 7.0 0.5858 0.58408
886626 7.5 0.5557 0.5545
886627 8.0 0.52637 0.52442
886628 8.5 0.49854 0.49596
886629 9.0 0.47219 0.47018
886630 9.5 0.44723 0.44255
886631 10.0 0.42223 0.41661
886632 10.5 0.39833 0.39403
886633 11.0 0.37498 0.37059
886634 11.5 0.35148 0.34815
886635 12.0 0.32946 0.32652
886636 12.5 0.30821 0.30374
886637 13.0 0.2875 0.28338
886638 13.5 0.26819 0.26169
886639 14.0 0.25018 0.24394
886640 14.5 0.23224 0.22596
886641 15.0 0.21522 0.21009
886642 15.5 0.19945 0.19531
886643 16.0 0.18484 0.17943
886644 16.5 0.1713 0.16815
886645 17.0 0.15766 0.15428
886646 17.5 0.14477 0.14302
886647 18.0 0.13294 0.13102
886648 18.5 0.12208 0.1201
886649 19.0 0.11216 0.11146
886650 19.5 0.10313 0.10229
886651 20.0 0.09483 0.094482
886652 20.5 0.087198 0.087217
886653 21.0 0.080207 0.079935
886654 21.5 0.073926 0.073818
886655 22.0 0.068138 0.067974
886656 22.5 0.062804 0.062654
886657 23.0 0.057888 0.057699
886658 23.5 0.053357 0.053474
886659 24.0 0.049182 0.049419
886660 24.5 0.045387 0.045576
886661 25.0 0.041919 0.041843
886662 25.5 0.038717 0.039006
886663 26.0 0.035759 0.035984
886664 26.5 0.033028 0.033271
886665 27.0 0.030517 0.030694
886666 27.5 0.028214 0.028509
886667 28.0 0.02607 0.026294
886668 28.5 0.024079 0.024218
886669 29.0 0.022235 0.022543
886670 29.5 0.020534 0.020899
886671 30.0 0.018972 0.019221
886672 30.5 0.017528 0.017807
886673 31.0 0.016206 0.016507
886674 31.5 0.014997 0.015219
886675 32.0 0.013887 0.014213
886676 32.5 0.012864 0.013309
886677 33.0 0.01192 0.012283
886678 33.5 0.011049 0.011326
886679 34.0 0.010245 0.010541
886680 34.5 0.0095026 0.0097887
886681 35.0 0.0088171 0.0091842
886682 35.5 0.0081759 0.0085597
886683 36.0 0.0075843 0.0078397
886684 36.5 0.0070383 0.0072143
886685 37.0 0.0065342 0.0067272
886686 37.5 0.0060686 0.0062556
886687 38.0 0.0056384 0.00578
886688 38.5 0.0052406 0.0053771
886689 39.0 0.0048728 0.0049771
886690 39.5 0.0045324 0.0046009
886691 40.0 0.0042174 0.0042436
886692 40.5 0.0039312 0.0039412
886693 41.0 0.0036655 0.0037057
886694 41.5 0.0034187 0.0034493
886695 42.0 0.0031894 0.0032766
886696 42.5 0.0029763 0.0030658
886697 43.0 0.0027781 0.0028702
886698 43.5 0.0025939 0.0026674
886699 44.0 0.0024226 0.0024643
886700 44.5 0.0022632 0.0022861
886701 45.0 0.0021148 0.0021456
886702 45.5 0.001983 0.0019947
886703 46.0 0.0018594 0.0018313
886704 46.5 0.0017437 0.0017225
886705 47.0 0.0016352 0.0016209
886706 47.5 0.0015336 0.0015086
886707 48.0 0.0014384 0.0013878
886708 48.5 0.0013491 0.0012919
886709 49.0 0.0012654 0.0012201
886710 49.5 0.001187 0.0011244
886711 50.0 0.0011135 0.001074
886712 50.5 0.0010487 0.0010199
886713 51.0 0.00098743 0.00095236
886714 51.5 0.00092954 0.00091225
886715 52.0 0.00087485 0.00084672
886716 52.5 0.00082321 0.00078313
886717 53.0 0.00077443 0.00074336
886718 53.5 0.00072839 0.0007016
886719 54.0 0.00068493 0.00065593
886720 54.5 0.00064391 0.00060283
886721 55.0 0.00060522 0.00057772
886722 55.5 0.00056946 0.00053161
886723 56.0 0.00053563 0.00049568
886724 56.5 0.00050363 0.00047022
886725 57.0 0.00047338 0.00044273
886726 57.5 0.0004448 0.00042173
886727 58.0 0.00041778 0.00040161
886728 58.5 0.00039227 0.00036837
886729 59.0 0.00036818 0.00035215
886730 59.5 0.00034544 0.00033151
886731 60.0 0.00032399 0.00030626
886732 60.5 0.00030372 0.00028272
886733 61.0 0.00028463 0.00026579
886734 61.5 0.00026664 0.00025073
886735 62.0 0.00024971 0.00023625
886736 62.5 0.00023377 0.00022161
886737 63.0 0.00021877 0.00021154
886738 63.5 0.00020467 0.00019816
886739 64.0 0.0001914 0.00019158
886740 64.5 0.00017893 0.00017837
886741 65.0 0.00016721 0.00016217
886742 65.5 0.0001562 0.00015136
886743 66.0 0.00014585 0.00013693
886744 66.5 0.00013614 0.00012744
886745 67.0 0.00012702 0.00011998
886746 67.5 0.00011847 0.00011296
886747 68.0 0.00011044 0.0001067
886748 68.5 0.00010291 9.9539e-05
886749 69.0 9.586e-05 9.3722e-05
886750 69.5 8.9252e-05 8.9668e-05
886751 70.0 8.3063e-05 8.4255e-05
886752 70.5 7.7163e-05 7.9866e-05
886753 71.0 7.1662e-05 7.5121e-05
886754 71.5 6.6533e-05 7.1314e-05
886755 72.0 6.1754e-05 6.4805e-05
886756 72.5 5.73e-05 6.0987e-05
886757 73.0 5.3152e-05 5.5597e-05
886758 73.5 4.929e-05 5.0706e-05
886759 74.0 4.5694e-05 4.6034e-05
886760 74.5 4.2348e-05 4.2717e-05
886761 75.0 3.9234e-05 3.9146e-05
886762 75.5 3.6322e-05 3.5685e-05
886763 76.0 3.362e-05 3.3614e-05
886764 76.5 3.1114e-05 3.0209e-05
886765 77.0 2.879e-05 2.8541e-05
886766 77.5 2.6635e-05 2.5613e-05
886767 78.0 2.4638e-05 2.3636e-05
886768 78.5 2.2786e-05 2.2284e-05
886769 79.0 2.107e-05 2.0725e-05
886770 79.5 1.948e-05 1.9232e-05
886771 80.0 1.8007e-05 1.7244e-05
886772 80.5 1.6666e-05 1.635e-05
886773 81.0 1.5421e-05 1.4885e-05
886774 81.5 1.4266e-05 1.3691e-05
886775 82.0 1.3195e-05 1.2671e-05
886776 82.5 1.2201e-05 1.1496e-05
886777 83.0 1.1279e-05 1.0807e-05
886778 83.5 1.0424e-05 1.011e-05
886779 84.0 9.6315e-06 9.1233e-06
886780 84.5 8.8972e-06 8.4622e-06
886781 85.0 8.2168e-06 7.8169e-06
886782 85.5 7.5691e-06 7.1713e-06
886783 86.0 6.9703e-06 6.7425e-06
886784 86.5 6.4168e-06 6.2363e-06
886785 87.0 5.9053e-06 5.6971e-06
886786 87.5 5.4329e-06 5.142e-06
886787 88.0 4.9967e-06 4.7099e-06
886788 88.5 4.5939e-06 4.3061e-06
886789 89.0 4.2223e-06 3.8888e-06
886790 89.5 3.8794e-06 3.5856e-06
886791 90.0 3.5632e-06 3.2033e-06
886792 90.5 3.2661e-06 2.9172e-06
886793 91.0 2.9921e-06 2.6597e-06
886794 91.5 2.7394e-06 2.3297e-06
886795 92.0 2.5064e-06 2.1629e-06
886796 92.5 2.2918e-06 1.9912e-06
886797 93.0 2.0942e-06 1.8758e-06
886798 93.5 1.9124e-06 1.6987e-06
886799 94.0 1.7451e-06 1.4762e-06
886800 94.5 1.5915e-06 1.4241e-06
886801 95.0 1.4504e-06 1.2265e-06
886802 95.5 1.3156e-06 1.0988e-06
886803 96.0 1.1938e-06 1.0051e-06
886804 96.5 1.0837e-06 9.1451e-07
886805 97.0 9.8411e-07 8.5187e-07
886806 97.5 8.94e-07 7.7096e-07
886807 98.0 8.1243e-07 7.0446e-07
886808 98.5 7.3857e-07 5.716e-07
886809 99.0 6.7167e-07 5.0687e-07
886810 99.5 6.1105e-07 4.738e-07
886811 100.0 5.5611e-07 4.0485e-07
886812 100.5 5.0368e-07 3.8951e-07
886813 101.0 4.5678e-07 3.5407e-07
886814 101.5 4.1476e-07 2.6751e-07
886815 102.0 3.7705e-07 2.2937e-07
886816 102.5 3.4316e-07 2.1398e-07
886817 103.0 3.1267e-07 1.976e-07
886818 103.5 2.852e-07 1.8187e-07
886819 104.0 2.6042e-07 1.783e-07
886820 104.5 2.3804e-07 1.7028e-07
886821 105.0 2.1782e-07 1.5372e-07
886822 105.5 1.9878e-07 1.3933e-07
886823 106.0 1.8174e-07 1.2523e-07
886824 106.5 1.6645e-07 1.1997e-07
886825 107.0 1.5269e-07 1.0721e-07
886826 107.5 1.4029e-07 9.8531e-08
886827 108.0 1.2908e-07 9.3907e-08
886828 108.5 1.1894e-07 8.7095e-08
886829 109.0 1.0974e-07 8.2895e-08
886830 109.5 1.0139e-07 7.1992e-08
886831 110.0 9.3782e-08 6.7882e-08
886832 110.5 8.6689e-08 6.1122e-08
886833 111.0 8.027e-08 5.5419e-08
886834 111.5 7.4446e-08 5.5354e-08
886835 112.0 6.9146e-08 4.9596e-08
886836 112.5 6.4312e-08 4.772e-08
886837 113.0 5.9892e-08 4.5328e-08
886838 113.5 5.5844e-08 4.4262e-08
886839 114.0 5.2129e-08 4.3166e-08
886840 114.5 4.8712e-08 4.1083e-08
886841 115.0 4.5565e-08 3.758e-08
886842 115.5 4.2658e-08 3.6215e-08
886843 116.0 3.9975e-08 3.498e-08
886844 116.5 3.7495e-08 3.3354e-08
886845 117.0 3.5199e-08 3.2456e-08
886846 117.5 3.307e-08 3.2361e-08
886847 118.0 3.1094e-08 3.0382e-08
886848 118.5 2.9258e-08 2.818e-08
886849 119.0 2.755e-08 2.6826e-08
886850 119.5 2.5959e-08 2.6002e-08
886851 120.0 2.4476e-08 2.4973e-08
886852 120.5 2.3096e-08 2.2912e-08
886853 121.0 2.1815e-08 2.1414e-08
886854 121.5 2.0624e-08 1.957e-08
886855 122.0 1.9516e-08 1.9169e-08
886856 122.5 1.8484e-08 1.86e-08
886857 123.0 1.7523e-08 1.7375e-08
886858 123.5 1.6627e-08 1.6335e-08
886859 124.0 1.579e-08 1.608e-08
886860 124.5 1.5009e-08 1.5173e-08
886861 125.0 1.4278e-08 1.4162e-08
886862 125.5 1.3595e-08 1.3519e-08
886863 126.0 1.2955e-08 1.277e-08
886864 126.5 1.2355e-08 1.1842e-08
886865 127.0 1.1792e-08 1.055e-08
886866 127.5 1.1263e-08 1.0161e-08
886867 128.0 1.0766e-08 9.7785e-09
886868 128.5 1.0298e-08 9.428e-09
886869 129.0 9.8578e-09 9.0009e-09
886870 129.5 9.4426e-09 8.5654e-09
886871 130.0 9.0509e-09 8.2633e-09
886872 130.5 8.681e-09 7.982e-09
886873 131.0 8.3315e-09 7.6204e-09
886874 131.5 8.001e-09 7.4635e-09
886875 132.0 7.6883e-09 7.2635e-09
886876 132.5 7.392e-09 7.2735e-09
886877 133.0 7.1112e-09 6.8104e-09
886878 133.5 6.8449e-09 6.4781e-09
886879 134.0 6.5921e-09 6.3864e-09
886880 134.5 6.3521e-09 6.1118e-09
886881 135.0 6.1239e-09 5.8667e-09
886882 135.5 5.9069e-09 5.6282e-09
886883 136.0 5.7004e-09 5.2247e-09
886884 136.5 5.5037e-09 4.9122e-09
886885 137.0 5.3163e-09 4.7484e-09
886886 137.5 5.1377e-09 4.6827e-09
886887 138.0 4.9673e-09 4.4893e-09
886888 138.5 4.8046e-09 4.4077e-09
886889 139.0 4.6493e-09 4.2569e-09
886890 139.5 4.5009e-09 3.9883e-09
886891 140.0 4.3589e-09 3.7071e-09
886892 140.5 4.2232e-09 3.5045e-09
886893 141.0 4.0932e-09 3.5065e-09
886894 141.5 3.9688e-09 3.4497e-09
886895 142.0 3.8496e-09 3.3523e-09
886896 142.5 3.7353e-09 3.2055e-09
886897 143.0 3.6258e-09 3.217e-09
886898 143.5 3.5206e-09 3.11e-09
886899 144.0 3.4197e-09 3.0549e-09
886900 144.5 3.3228e-09 2.8883e-09
886901 145.0 3.2297e-09 2.8834e-09
886902 145.5 3.1402e-09 2.7239e-09
886903 146.0 3.0542e-09 2.6345e-09
886904 146.5 2.9714e-09 2.5251e-09
886905 147.0 2.8918e-09 2.4728e-09
886906 147.5 2.8151e-09 2.4296e-09
886907 148.0 2.7412e-09 2.4418e-09
886908 148.5 2.67e-09 2.3576e-09
886909 149.0 2.6014e-09 2.2838e-09
886910 149.5 2.5352e-09 2.2533e-09
886911 150.0 2.4714e-09 2.1953e-09
886912 150.5 2.4098e-09 2.161e-09
886913 151.0 2.3504e-09 2.0999e-09
886914 151.5 2.293e-09 1.9961e-09
886915 152.0 2.2375e-09 2.0391e-09
886916 152.5 2.1839e-09 1.9871e-09
886917 153.0 2.1321e-09 1.896e-09
886918 153.5 2.082e-09 1.8194e-09
886919 154.0 2.0335e-09 1.7691e-09
886920 154.5 1.9866e-09 1.7823e-09
886921 155.0 1.9413e-09 1.7695e-09
886922 155.5 1.8973e-09 1.7302e-09
886923 156.0 1.8547e-09 1.7457e-09
886924 156.5 1.8135e-09 1.6982e-09
886925 157.0 1.7735e-09 1.7235e-09
886926 157.5 1.7348e-09 1.6984e-09
886927 158.0 1.6972e-09 1.7108e-09
886928 158.5 1.6608e-09 1.6956e-09
886929 159.0 1.6255e-09 1.6131e-09
886930 159.5 1.5911e-09 1.5676e-09
886931 160.0 1.5578e-09 1.5088e-09
886932 160.5 1.5255e-09 1.4876e-09
886933 161.0 1.4941e-09 1.4923e-09
886934 161.5 1.4636e-09 1.4015e-09
886935 162.0 1.434e-09 1.3569e-09
886936 162.5 1.4051e-09 1.3042e-09
886937 163.0 1.3771e-09 1.2635e-09
886938 163.5 1.3499e-09 1.278e-09
886939 164.0 1.3234e-09 1.2424e-09
886940 164.5 1.2976e-09 1.2284e-09
886941 165.0 1.2725e-09 1.2373e-09
886942 165.5 1.2481e-09 1.2245e-09
886943 166.0 1.2243e-09 1.2261e-09
886944 166.5 1.2012e-09 1.1775e-09
886945 167.0 1.1786e-09 1.1363e-09
886946 167.5 1.1567e-09 1.0847e-09
886947 168.0 1.1353e-09 1.0574e-09
886948 168.5 1.1144e-09 1.0715e-09
886949 169.0 1.0941e-09 1.0519e-09
886950 169.5 1.0743e-09 1.0478e-09
886951 170.0 1.055e-09 1.0205e-09
886952 170.5 1.0361e-09 9.8135e-10
886953 171.0 1.0177e-09 9.7571e-10
886954 171.5 9.9978e-10 9.6062e-10
886955 172.0 9.8227e-10 9.7175e-10
886956 172.5 9.6518e-10 9.4168e-10
886957 173.0 9.485e-10 9.123e-10
886958 173.5 9.3221e-10 8.9693e-10
886959 174.0 9.163e-10 8.8957e-10
886960 174.5 9.0076e-10 8.8334e-10
886961 175.0 8.8558e-10 8.4785e-10
886962 175.5 8.7075e-10 8.1917e-10
886963 176.0 8.5626e-10 8.1229e-10
886964 176.5 8.4209e-10 7.9724e-10
886965 177.0 8.2824e-10 7.9937e-10
886966 177.5 8.1471e-10 7.8316e-10
886967 178.0 8.0147e-10 7.7297e-10
886968 178.5 7.8852e-10 7.8501e-10
886969 179.0 7.7586e-10 7.6432e-10
886970 179.5 7.6347e-10 7.6119e-10
886971 180.0 7.5134e-10 7.7121e-10
886972 180.5 7.3948e-10 7.5331e-10
886973 181.0 7.2787e-10 7.5055e-10
886974 181.5 7.1651e-10 7.2721e-10
886975 182.0 7.0539e-10 7.0944e-10
886976 182.5 6.945e-10 7.0052e-10
886977 183.0 6.8383e-10 6.981e-10
886978 183.5 6.7339e-10 7.0315e-10
886979 184.0 6.6315e-10 6.9195e-10
886980 184.5 6.5313e-10 6.8086e-10
886981 185.0 6.4331e-10 6.698e-10
886982 185.5 6.3369e-10 6.7699e-10
886983 186.0 6.2426e-10 6.7231e-10
886984 186.5 6.1502e-10 6.4033e-10
886985 187.0 6.0596e-10 6.2555e-10
886986 187.5 5.9708e-10 6.1877e-10
886987 188.0 5.8838e-10 6.0647e-10
886988 188.5 5.7984e-10 6.0612e-10
886989 189.0 5.7147e-10 5.9156e-10
886990 189.5 5.6326e-10 5.7726e-10
886991 190.0 5.5521e-10 5.6192e-10
886992 190.5 5.473e-10 5.5514e-10
886993 191.0 5.3955e-10 5.854e-10
886994 191.5 5.3195e-10 5.7766e-10
886995 192.0 5.2448e-10 5.9335e-10
886996 192.5 5.1716e-10 5.88e-10
886997 193.0 5.0997e-10 5.7366e-10
886998 193.5 5.0292e-10 5.3969e-10
886999 194.0 4.9599e-10 5.2647e-10
887000 194.5 4.8919e-10 5.1102e-10
887001 195.0 4.8251e-10 4.887e-10
887002 195.5 4.7595e-10 4.7417e-10
887003 196.0 4.6951e-10 4.7625e-10
887004 196.5 4.6319e-10 4.6864e-10
887005 197.0 4.5697e-10 4.6392e-10
887006 197.5 4.5087e-10 4.7291e-10
887007 198.0 4.4487e-10 4.5248e-10
887008 198.5 4.3898e-10 4.4063e-10
887009 199.0 4.3319e-10 4.3782e-10
887010 199.5 4.275e-10 4.2662e-10
887011 200.0 4.2191e-10 4.0913e-10
