 Hgtkm DensMean DensPert
900646 0.0 1.1656 1.1754
900647 0.5 1.1117 1.1359
900648 1.0 1.06 1.0575
900649 1.5 1.0101 0.99921
900650 2.0 0.96405 0.98312
900651 2.5 0.91875 0.9182
900652 3.0 0.87485 0.88775
900653 3.5 0.83389 0.84876
900654 4.0 0.79521 0.81608
900655 4.5 0.75791 0.77448
900656 5.0 0.72062 0.7353
900657 5.5 0.68516 0.69925
900658 6.0 0.65099 0.66319
900659 6.5 0.61753 0.62835
900660 7.0 0.5858 0.59677
900661 7.5 0.5557 0.56566
900662 8.0 0.52637 0.53478
900663 8.5 0.49854 0.5056
900664 9.0 0.47219 0.47814
900665 9.5 0.44723 0.45203
900666 10.0 0.42223 0.42524
900667 10.5 0.39833 0.39951
900668 11.0 0.37498 0.37612
900669 11.5 0.35148 0.35237
900670 12.0 0.32946 0.32919
900671 12.5 0.30821 0.30845
900672 13.0 0.2875 0.28497
900673 13.5 0.26819 0.26611
900674 14.0 0.25018 0.24926
900675 14.5 0.23224 0.23151
900676 15.0 0.21522 0.2141
900677 15.5 0.19945 0.1974
900678 16.0 0.18484 0.18516
900679 16.5 0.1713 0.17245
900680 17.0 0.15766 0.15674
900681 17.5 0.14477 0.14454
900682 18.0 0.13294 0.13164
900683 18.5 0.12208 0.12156
900684 19.0 0.11216 0.11199
900685 19.5 0.10313 0.10295
900686 20.0 0.09483 0.093468
900687 20.5 0.087198 0.086576
900688 21.0 0.080207 0.079622
900689 21.5 0.073926 0.074117
900690 22.0 0.068138 0.067835
900691 22.5 0.062804 0.062756
900692 23.0 0.057888 0.057899
900693 23.5 0.053357 0.052988
900694 24.0 0.049182 0.049103
900695 24.5 0.045387 0.045014
900696 25.0 0.041919 0.041747
900697 25.5 0.038717 0.038448
900698 26.0 0.035759 0.035481
900699 26.5 0.033028 0.032792
900700 27.0 0.030517 0.030156
900701 27.5 0.028214 0.027922
900702 28.0 0.02607 0.025954
900703 28.5 0.024079 0.023874
900704 29.0 0.022235 0.022147
900705 29.5 0.020534 0.020512
900706 30.0 0.018972 0.019078
900707 30.5 0.017528 0.017601
900708 31.0 0.016206 0.016275
900709 31.5 0.014997 0.014937
900710 32.0 0.013887 0.013807
900711 32.5 0.012864 0.01296
900712 33.0 0.01192 0.011978
900713 33.5 0.011049 0.011103
900714 34.0 0.010245 0.010326
900715 34.5 0.0095026 0.0095476
900716 35.0 0.0088171 0.0088921
900717 35.5 0.0081759 0.0083583
900718 36.0 0.0075843 0.0077479
900719 36.5 0.0070383 0.0072281
900720 37.0 0.0065342 0.0066398
900721 37.5 0.0060686 0.0061135
900722 38.0 0.0056384 0.0057296
900723 38.5 0.0052406 0.0053715
900724 39.0 0.0048728 0.0049615
900725 39.5 0.0045324 0.0046821
900726 40.0 0.0042174 0.0043902
900727 40.5 0.0039312 0.0040677
900728 41.0 0.0036655 0.0038413
900729 41.5 0.0034187 0.0035264
900730 42.0 0.0031894 0.0033139
900731 42.5 0.0029763 0.0030355
900732 43.0 0.0027781 0.0027959
900733 43.5 0.0025939 0.0026188
900734 44.0 0.0024226 0.002466
900735 44.5 0.0022632 0.0022532
900736 45.0 0.0021148 0.002121
900737 45.5 0.001983 0.002004
900738 46.0 0.0018594 0.001884
900739 46.5 0.0017437 0.0017858
900740 47.0 0.0016352 0.001645
900741 47.5 0.0015336 0.0015525
900742 48.0 0.0014384 0.0014672
900743 48.5 0.0013491 0.0013711
900744 49.0 0.0012654 0.0012821
900745 49.5 0.001187 0.0012142
900746 50.0 0.0011135 0.0011389
900747 50.5 0.0010487 0.0010699
900748 51.0 0.00098743 0.001015
900749 51.5 0.00092954 0.00096427
900750 52.0 0.00087485 0.00091367
900751 52.5 0.00082321 0.00086398
900752 53.0 0.00077443 0.00081709
900753 53.5 0.00072839 0.00077432
900754 54.0 0.00068493 0.00072797
900755 54.5 0.00064391 0.00069336
900756 55.0 0.00060522 0.00065123
900757 55.5 0.00056946 0.00062055
900758 56.0 0.00053563 0.00058009
900759 56.5 0.00050363 0.00054061
900760 57.0 0.00047338 0.00051086
900761 57.5 0.0004448 0.00046769
900762 58.0 0.00041778 0.00045228
900763 58.5 0.00039227 0.00042801
900764 59.0 0.00036818 0.00039937
900765 59.5 0.00034544 0.00036901
900766 60.0 0.00032399 0.00034608
900767 60.5 0.00030372 0.00032425
900768 61.0 0.00028463 0.00030556
900769 61.5 0.00026664 0.00028491
900770 62.0 0.00024971 0.00025958
900771 62.5 0.00023377 0.00023625
900772 63.0 0.00021877 0.00021593
900773 63.5 0.00020467 0.00019671
900774 64.0 0.0001914 0.00018323
900775 64.5 0.00017893 0.00017659
900776 65.0 0.00016721 0.00016521
900777 65.5 0.0001562 0.00015363
900778 66.0 0.00014585 0.00013929
900779 66.5 0.00013614 0.00012477
900780 67.0 0.00012702 0.00011939
900781 67.5 0.00011847 0.00011154
900782 68.0 0.00011044 0.00010563
900783 68.5 0.00010291 9.8835e-05
900784 69.0 9.586e-05 9.2268e-05
900785 69.5 8.9252e-05 8.4379e-05
900786 70.0 8.3063e-05 7.7718e-05
900787 70.5 7.7163e-05 7.1368e-05
900788 71.0 7.1662e-05 6.7443e-05
900789 71.5 6.6533e-05 6.1718e-05
900790 72.0 6.1754e-05 5.8515e-05
900791 72.5 5.73e-05 5.3991e-05
900792 73.0 5.3152e-05 4.8074e-05
900793 73.5 4.929e-05 4.4564e-05
900794 74.0 4.5694e-05 4.2128e-05
900795 74.5 4.2348e-05 3.9531e-05
900796 75.0 3.9234e-05 3.6695e-05
900797 75.5 3.6322e-05 3.435e-05
900798 76.0 3.362e-05 3.2141e-05
900799 76.5 3.1114e-05 3.1204e-05
900800 77.0 2.879e-05 2.9615e-05
900801 77.5 2.6635e-05 2.6945e-05
900802 78.0 2.4638e-05 2.4792e-05
900803 78.5 2.2786e-05 2.2234e-05
900804 79.0 2.107e-05 2.1718e-05
900805 79.5 1.948e-05 1.9767e-05
900806 80.0 1.8007e-05 1.8104e-05
900807 80.5 1.6666e-05 1.6571e-05
900808 81.0 1.5421e-05 1.5735e-05
900809 81.5 1.4266e-05 1.4277e-05
900810 82.0 1.3195e-05 1.3212e-05
900811 82.5 1.2201e-05 1.2069e-05
900812 83.0 1.1279e-05 1.1263e-05
900813 83.5 1.0424e-05 1.069e-05
900814 84.0 9.6315e-06 9.7698e-06
900815 84.5 8.8972e-06 9.0634e-06
900816 85.0 8.2168e-06 8.5882e-06
900817 85.5 7.5691e-06 7.8995e-06
900818 86.0 6.9703e-06 7.2744e-06
900819 86.5 6.4168e-06 6.5755e-06
900820 87.0 5.9053e-06 6.1494e-06
900821 87.5 5.4329e-06 5.5432e-06
900822 88.0 4.9967e-06 5.0545e-06
900823 88.5 4.5939e-06 4.6885e-06
900824 89.0 4.2223e-06 4.3792e-06
900825 89.5 3.8794e-06 3.9942e-06
900826 90.0 3.5632e-06 3.4936e-06
900827 90.5 3.2661e-06 3.1968e-06
900828 91.0 2.9921e-06 3.0831e-06
900829 91.5 2.7394e-06 2.688e-06
900830 92.0 2.5064e-06 2.4928e-06
900831 92.5 2.2918e-06 2.1555e-06
900832 93.0 2.0942e-06 2.0315e-06
900833 93.5 1.9124e-06 1.8e-06
900834 94.0 1.7451e-06 1.6054e-06
900835 94.5 1.5915e-06 1.4754e-06
900836 95.0 1.4504e-06 1.3521e-06
900837 95.5 1.3156e-06 1.2622e-06
900838 96.0 1.1938e-06 1.1085e-06
900839 96.5 1.0837e-06 9.9228e-07
900840 97.0 9.8411e-07 9.4435e-07
900841 97.5 8.94e-07 8.1958e-07
900842 98.0 8.1243e-07 6.5648e-07
900843 98.5 7.3857e-07 6.1584e-07
900844 99.0 6.7167e-07 5.5959e-07
900845 99.5 6.1105e-07 5.0054e-07
900846 100.0 5.5611e-07 5.0084e-07
900847 100.5 5.0368e-07 5.1118e-07
900848 101.0 4.5678e-07 4.7578e-07
900849 101.5 4.1476e-07 4.7453e-07
900850 102.0 3.7705e-07 4.2904e-07
900851 102.5 3.4316e-07 3.9646e-07
900852 103.0 3.1267e-07 3.5187e-07
900853 103.5 2.852e-07 3.126e-07
900854 104.0 2.6042e-07 3.0107e-07
900855 104.5 2.3804e-07 2.8926e-07
900856 105.0 2.1782e-07 2.5734e-07
900857 105.5 1.9878e-07 2.3589e-07
900858 106.0 1.8174e-07 2.2018e-07
900859 106.5 1.6645e-07 2.0514e-07
900860 107.0 1.5269e-07 1.856e-07
900861 107.5 1.4029e-07 1.6748e-07
900862 108.0 1.2908e-07 1.5148e-07
900863 108.5 1.1894e-07 1.37e-07
900864 109.0 1.0974e-07 1.2835e-07
900865 109.5 1.0139e-07 1.1519e-07
900866 110.0 9.3782e-08 1.0869e-07
900867 110.5 8.6689e-08 9.9352e-08
900868 111.0 8.027e-08 8.7393e-08
900869 111.5 7.4446e-08 8.0784e-08
900870 112.0 6.9146e-08 7.5308e-08
900871 112.5 6.4312e-08 7.031e-08
900872 113.0 5.9892e-08 6.4029e-08
900873 113.5 5.5844e-08 6.0209e-08
900874 114.0 5.2129e-08 5.3016e-08
900875 114.5 4.8712e-08 4.9195e-08
900876 115.0 4.5565e-08 4.5229e-08
900877 115.5 4.2658e-08 4.4645e-08
900878 116.0 3.9975e-08 4.3145e-08
900879 116.5 3.7495e-08 4.0707e-08
900880 117.0 3.5199e-08 3.6797e-08
900881 117.5 3.307e-08 3.4006e-08
900882 118.0 3.1094e-08 3.1777e-08
900883 118.5 2.9258e-08 2.9605e-08
900884 119.0 2.755e-08 2.7071e-08
900885 119.5 2.5959e-08 2.6702e-08
900886 120.0 2.4476e-08 2.3934e-08
900887 120.5 2.3096e-08 2.3103e-08
900888 121.0 2.1815e-08 2.197e-08
900889 121.5 2.0624e-08 2.0531e-08
900890 122.0 1.9516e-08 1.9308e-08
900891 122.5 1.8484e-08 1.8323e-08
900892 123.0 1.7523e-08 1.8192e-08
900893 123.5 1.6627e-08 1.7312e-08
900894 124.0 1.579e-08 1.6732e-08
900895 124.5 1.5009e-08 1.5969e-08
900896 125.0 1.4278e-08 1.5306e-08
900897 125.5 1.3595e-08 1.4037e-08
900898 126.0 1.2955e-08 1.3204e-08
900899 126.5 1.2355e-08 1.2439e-08
900900 127.0 1.1792e-08 1.1727e-08
900901 127.5 1.1263e-08 1.0939e-08
900902 128.0 1.0766e-08 1.0583e-08
900903 128.5 1.0298e-08 1.0276e-08
900904 129.0 9.8578e-09 9.884e-09
900905 129.5 9.4426e-09 9.4138e-09
900906 130.0 9.0509e-09 8.6481e-09
900907 130.5 8.681e-09 8.35e-09
900908 131.0 8.3315e-09 8.0097e-09
900909 131.5 8.001e-09 7.8184e-09
900910 132.0 7.6883e-09 7.3763e-09
900911 132.5 7.392e-09 6.8552e-09
900912 133.0 7.1112e-09 6.6e-09
900913 133.5 6.8449e-09 6.4266e-09
900914 134.0 6.5921e-09 6.2886e-09
900915 134.5 6.3521e-09 5.9908e-09
900916 135.0 6.1239e-09 5.7915e-09
900917 135.5 5.9069e-09 5.4932e-09
900918 136.0 5.7004e-09 5.2814e-09
900919 136.5 5.5037e-09 5.217e-09
900920 137.0 5.3163e-09 5.0987e-09
900921 137.5 5.1377e-09 4.999e-09
900922 138.0 4.9673e-09 4.8664e-09
900923 138.5 4.8046e-09 4.6659e-09
900924 139.0 4.6493e-09 4.6519e-09
900925 139.5 4.5009e-09 4.446e-09
900926 140.0 4.3589e-09 4.2775e-09
900927 140.5 4.2232e-09 4.1058e-09
900928 141.0 4.0932e-09 4.0081e-09
900929 141.5 3.9688e-09 3.802e-09
900930 142.0 3.8496e-09 3.638e-09
900931 142.5 3.7353e-09 3.5782e-09
900932 143.0 3.6258e-09 3.5393e-09
900933 143.5 3.5206e-09 3.4705e-09
900934 144.0 3.4197e-09 3.2832e-09
900935 144.5 3.3228e-09 3.2497e-09
900936 145.0 3.2297e-09 3.1966e-09
900937 145.5 3.1402e-09 3.1161e-09
900938 146.0 3.0542e-09 2.9982e-09
900939 146.5 2.9714e-09 2.8753e-09
900940 147.0 2.8918e-09 2.8283e-09
900941 147.5 2.8151e-09 2.7856e-09
900942 148.0 2.7412e-09 2.718e-09
900943 148.5 2.67e-09 2.6135e-09
900944 149.0 2.6014e-09 2.5452e-09
900945 149.5 2.5352e-09 2.4616e-09
900946 150.0 2.4714e-09 2.3864e-09
900947 150.5 2.4098e-09 2.3402e-09
900948 151.0 2.3504e-09 2.4317e-09
900949 151.5 2.293e-09 2.4049e-09
900950 152.0 2.2375e-09 2.3542e-09
900951 152.5 2.1839e-09 2.3571e-09
900952 153.0 2.1321e-09 2.2973e-09
900953 153.5 2.082e-09 2.2324e-09
900954 154.0 2.0335e-09 2.2041e-09
900955 154.5 1.9866e-09 2.078e-09
900956 155.0 1.9413e-09 2.0309e-09
900957 155.5 1.8973e-09 1.9224e-09
900958 156.0 1.8547e-09 1.8922e-09
900959 156.5 1.8135e-09 1.8919e-09
900960 157.0 1.7735e-09 1.8629e-09
900961 157.5 1.7348e-09 1.7914e-09
900962 158.0 1.6972e-09 1.7424e-09
900963 158.5 1.6608e-09 1.7047e-09
900964 159.0 1.6255e-09 1.6781e-09
900965 159.5 1.5911e-09 1.603e-09
900966 160.0 1.5578e-09 1.5836e-09
900967 160.5 1.5255e-09 1.5554e-09
900968 161.0 1.4941e-09 1.5878e-09
900969 161.5 1.4636e-09 1.5881e-09
900970 162.0 1.434e-09 1.5512e-09
900971 162.5 1.4051e-09 1.5722e-09
900972 163.0 1.3771e-09 1.501e-09
900973 163.5 1.3499e-09 1.4429e-09
900974 164.0 1.3234e-09 1.4431e-09
900975 164.5 1.2976e-09 1.4465e-09
900976 165.0 1.2725e-09 1.3966e-09
900977 165.5 1.2481e-09 1.3646e-09
900978 166.0 1.2243e-09 1.3406e-09
900979 166.5 1.2012e-09 1.2922e-09
900980 167.0 1.1786e-09 1.2496e-09
900981 167.5 1.1567e-09 1.2152e-09
900982 168.0 1.1353e-09 1.1786e-09
900983 168.5 1.1144e-09 1.1636e-09
900984 169.0 1.0941e-09 1.1168e-09
900985 169.5 1.0743e-09 1.0713e-09
900986 170.0 1.055e-09 1.0663e-09
900987 170.5 1.0361e-09 1.0184e-09
900988 171.0 1.0177e-09 1.0086e-09
900989 171.5 9.9978e-10 1.0094e-09
900990 172.0 9.8227e-10 1e-09
900991 172.5 9.6518e-10 1.002e-09
900992 173.0 9.485e-10 9.8856e-10
900993 173.5 9.3221e-10 9.6902e-10
900994 174.0 9.163e-10 9.5868e-10
900995 174.5 9.0076e-10 9.3581e-10
900996 175.0 8.8558e-10 9.0316e-10
900997 175.5 8.7075e-10 8.9661e-10
900998 176.0 8.5626e-10 8.7728e-10
900999 176.5 8.4209e-10 8.6873e-10
901000 177.0 8.2824e-10 8.4787e-10
901001 177.5 8.1471e-10 8.576e-10
901002 178.0 8.0147e-10 8.5663e-10
901003 178.5 7.8852e-10 8.3527e-10
901004 179.0 7.7586e-10 8.1473e-10
901005 179.5 7.6347e-10 8.1786e-10
901006 180.0 7.5134e-10 8.077e-10
901007 180.5 7.3948e-10 7.8676e-10
901008 181.0 7.2787e-10 7.6622e-10
901009 181.5 7.1651e-10 7.6103e-10
901010 182.0 7.0539e-10 7.4581e-10
901011 182.5 6.945e-10 7.3146e-10
901012 183.0 6.8383e-10 7.2807e-10
901013 183.5 6.7339e-10 7.1808e-10
901014 184.0 6.6315e-10 7.0956e-10
901015 184.5 6.5313e-10 6.971e-10
901016 185.0 6.4331e-10 6.9263e-10
901017 185.5 6.3369e-10 6.806e-10
901018 186.0 6.2426e-10 6.6567e-10
901019 186.5 6.1502e-10 6.4727e-10
901020 187.0 6.0596e-10 6.1472e-10
901021 187.5 5.9708e-10 6.1071e-10
901022 188.0 5.8838e-10 5.9672e-10
901023 188.5 5.7984e-10 5.8497e-10
901024 189.0 5.7147e-10 5.8257e-10
901025 189.5 5.6326e-10 5.7927e-10
901026 190.0 5.5521e-10 5.7439e-10
901027 190.5 5.473e-10 5.6362e-10
901028 191.0 5.3955e-10 5.6931e-10
901029 191.5 5.3195e-10 5.4886e-10
901030 192.0 5.2448e-10 5.4754e-10
901031 192.5 5.1716e-10 5.2731e-10
901032 193.0 5.0997e-10 5.1709e-10
901033 193.5 5.0292e-10 5.0235e-10
901034 194.0 4.9599e-10 4.9762e-10
901035 194.5 4.8919e-10 4.8535e-10
901036 195.0 4.8251e-10 4.6677e-10
901037 195.5 4.7595e-10 4.5311e-10
901038 196.0 4.6951e-10 4.4344e-10
901039 196.5 4.6319e-10 4.4256e-10
901040 197.0 4.5697e-10 4.4501e-10
901041 197.5 4.5087e-10 4.2812e-10
901042 198.0 4.4487e-10 4.1129e-10
901043 198.5 4.3898e-10 4.0684e-10
901044 199.0 4.3319e-10 4.1004e-10
901045 199.5 4.275e-10 4.0731e-10
901046 200.0 4.2191e-10 4.1657e-10
