 Hgtkm DensMean DensPert
963202 0.0 1.1656 1.1333
963203 0.5 1.1117 1.1139
963204 1.0 1.06 1.0612
963205 1.5 1.0101 1.0106
963206 2.0 0.96405 0.96443
963207 2.5 0.91875 0.92623
963208 3.0 0.87485 0.88605
963209 3.5 0.83389 0.84713
963210 4.0 0.79521 0.80692
963211 4.5 0.75791 0.77042
963212 5.0 0.72062 0.73335
963213 5.5 0.68516 0.69743
963214 6.0 0.65099 0.66203
963215 6.5 0.61753 0.63051
963216 7.0 0.5858 0.59817
963217 7.5 0.5557 0.56806
963218 8.0 0.52637 0.53657
963219 8.5 0.49854 0.50908
963220 9.0 0.47219 0.4805
963221 9.5 0.44723 0.45444
963222 10.0 0.42223 0.42924
963223 10.5 0.39833 0.40414
963224 11.0 0.37498 0.38083
963225 11.5 0.35148 0.35771
963226 12.0 0.32946 0.33453
963227 12.5 0.30821 0.31273
963228 13.0 0.2875 0.29235
963229 13.5 0.26819 0.27368
963230 14.0 0.25018 0.25366
963231 14.5 0.23224 0.23514
963232 15.0 0.21522 0.21643
963233 15.5 0.19945 0.20114
963234 16.0 0.18484 0.1859
963235 16.5 0.1713 0.17098
963236 17.0 0.15766 0.15687
963237 17.5 0.14477 0.14401
963238 18.0 0.13294 0.13172
963239 18.5 0.12208 0.12163
963240 19.0 0.11216 0.11129
963241 19.5 0.10313 0.10212
963242 20.0 0.09483 0.093325
963243 20.5 0.087198 0.085757
963244 21.0 0.080207 0.079346
963245 21.5 0.073926 0.072948
963246 22.0 0.068138 0.067002
963247 22.5 0.062804 0.061671
963248 23.0 0.057888 0.057234
963249 23.5 0.053357 0.052948
963250 24.0 0.049182 0.04859
963251 24.5 0.045387 0.045
963252 25.0 0.041919 0.041708
963253 25.5 0.038717 0.03851
963254 26.0 0.035759 0.03548
963255 26.5 0.033028 0.032767
963256 27.0 0.030517 0.030255
963257 27.5 0.028214 0.028013
963258 28.0 0.02607 0.025633
963259 28.5 0.024079 0.023679
963260 29.0 0.022235 0.021952
963261 29.5 0.020534 0.020154
963262 30.0 0.018972 0.0188
963263 30.5 0.017528 0.017342
963264 31.0 0.016206 0.016195
963265 31.5 0.014997 0.014896
963266 32.0 0.013887 0.013841
963267 32.5 0.012864 0.012871
963268 33.0 0.01192 0.011834
963269 33.5 0.011049 0.011082
963270 34.0 0.010245 0.010261
963271 34.5 0.0095026 0.0095039
963272 35.0 0.0088171 0.0088772
963273 35.5 0.0081759 0.0082234
963274 36.0 0.0075843 0.0076061
963275 36.5 0.0070383 0.0070539
963276 37.0 0.0065342 0.0065344
963277 37.5 0.0060686 0.0061055
963278 38.0 0.0056384 0.0056836
963279 38.5 0.0052406 0.005304
963280 39.0 0.0048728 0.0049241
963281 39.5 0.0045324 0.0045556
963282 40.0 0.0042174 0.0042327
963283 40.5 0.0039312 0.0039746
963284 41.0 0.0036655 0.0036778
963285 41.5 0.0034187 0.0034277
963286 42.0 0.0031894 0.0031625
963287 42.5 0.0029763 0.0029533
963288 43.0 0.0027781 0.0027566
963289 43.5 0.0025939 0.0026262
963290 44.0 0.0024226 0.0024846
963291 44.5 0.0022632 0.0023238
963292 45.0 0.0021148 0.0021781
963293 45.5 0.001983 0.0020594
963294 46.0 0.0018594 0.0018808
963295 46.5 0.0017437 0.0017825
963296 47.0 0.0016352 0.0016789
963297 47.5 0.0015336 0.0015718
963298 48.0 0.0014384 0.0014501
963299 48.5 0.0013491 0.0013647
963300 49.0 0.0012654 0.0012778
963301 49.5 0.001187 0.0012341
963302 50.0 0.0011135 0.0011543
963303 50.5 0.0010487 0.0010987
963304 51.0 0.00098743 0.0010442
963305 51.5 0.00092954 0.0009892
963306 52.0 0.00087485 0.00092725
963307 52.5 0.00082321 0.00088336
963308 53.0 0.00077443 0.00083674
963309 53.5 0.00072839 0.00077481
963310 54.0 0.00068493 0.00073519
963311 54.5 0.00064391 0.00069175
963312 55.0 0.00060522 0.00065815
963313 55.5 0.00056946 0.00061499
963314 56.0 0.00053563 0.00058908
963315 56.5 0.00050363 0.00054426
963316 57.0 0.00047338 0.00051112
963317 57.5 0.0004448 0.00048207
963318 58.0 0.00041778 0.00045066
963319 58.5 0.00039227 0.00042254
963320 59.0 0.00036818 0.00039579
963321 59.5 0.00034544 0.00036973
963322 60.0 0.00032399 0.00034496
963323 60.5 0.00030372 0.00033023
963324 61.0 0.00028463 0.00030439
963325 61.5 0.00026664 0.00029399
963326 62.0 0.00024971 0.00027415
963327 62.5 0.00023377 0.00025768
963328 63.0 0.00021877 0.00024169
963329 63.5 0.00020467 0.00022749
963330 64.0 0.0001914 0.00021345
963331 64.5 0.00017893 0.00019984
963332 65.0 0.00016721 0.00018931
963333 65.5 0.0001562 0.00017551
963334 66.0 0.00014585 0.00016139
963335 66.5 0.00013614 0.00014908
963336 67.0 0.00012702 0.00013772
963337 67.5 0.00011847 0.00012718
963338 68.0 0.00011044 0.00011822
963339 68.5 0.00010291 0.00010736
963340 69.0 9.586e-05 9.9334e-05
963341 69.5 8.9252e-05 9.0418e-05
963342 70.0 8.3063e-05 8.21e-05
963343 70.5 7.7163e-05 7.6178e-05
963344 71.0 7.1662e-05 6.8514e-05
963345 71.5 6.6533e-05 6.2738e-05
963346 72.0 6.1754e-05 5.8453e-05
963347 72.5 5.73e-05 5.3144e-05
963348 73.0 5.3152e-05 5.0792e-05
963349 73.5 4.929e-05 4.8373e-05
963350 74.0 4.5694e-05 4.546e-05
963351 74.5 4.2348e-05 4.2349e-05
963352 75.0 3.9234e-05 4.0523e-05
963353 75.5 3.6322e-05 3.7257e-05
963354 76.0 3.362e-05 3.5293e-05
963355 76.5 3.1114e-05 3.2533e-05
963356 77.0 2.879e-05 2.8893e-05
963357 77.5 2.6635e-05 2.7356e-05
963358 78.0 2.4638e-05 2.5611e-05
963359 78.5 2.2786e-05 2.3833e-05
963360 79.0 2.107e-05 2.1538e-05
963361 79.5 1.948e-05 2.0422e-05
963362 80.0 1.8007e-05 1.9161e-05
963363 80.5 1.6666e-05 1.7394e-05
963364 81.0 1.5421e-05 1.6212e-05
963365 81.5 1.4266e-05 1.4649e-05
963366 82.0 1.3195e-05 1.34e-05
963367 82.5 1.2201e-05 1.258e-05
963368 83.0 1.1279e-05 1.1738e-05
963369 83.5 1.0424e-05 1.0619e-05
963370 84.0 9.6315e-06 9.9221e-06
963371 84.5 8.8972e-06 8.9572e-06
963372 85.0 8.2168e-06 8.1504e-06
963373 85.5 7.5691e-06 7.4227e-06
963374 86.0 6.9703e-06 7.0146e-06
963375 86.5 6.4168e-06 6.6641e-06
963376 87.0 5.9053e-06 6.2209e-06
963377 87.5 5.4329e-06 5.5854e-06
963378 88.0 4.9967e-06 5.0336e-06
963379 88.5 4.5939e-06 4.5708e-06
963380 89.0 4.2223e-06 4.3624e-06
963381 89.5 3.8794e-06 4.1699e-06
963382 90.0 3.5632e-06 3.7088e-06
963383 90.5 3.2661e-06 3.47e-06
963384 91.0 2.9921e-06 3.188e-06
963385 91.5 2.7394e-06 2.9505e-06
963386 92.0 2.5064e-06 2.6593e-06
963387 92.5 2.2918e-06 2.4793e-06
963388 93.0 2.0942e-06 2.3597e-06
963389 93.5 1.9124e-06 2.21e-06
963390 94.0 1.7451e-06 1.9774e-06
963391 94.5 1.5915e-06 1.7956e-06
963392 95.0 1.4504e-06 1.5395e-06
963393 95.5 1.3156e-06 1.3254e-06
963394 96.0 1.1938e-06 1.2582e-06
963395 96.5 1.0837e-06 1.0935e-06
963396 97.0 9.8411e-07 1.0197e-06
963397 97.5 8.94e-07 9.137e-07
963398 98.0 8.1243e-07 7.9129e-07
963399 98.5 7.3857e-07 7.5375e-07
963400 99.0 6.7167e-07 6.9369e-07
963401 99.5 6.1105e-07 6.8065e-07
963402 100.0 5.5611e-07 5.9616e-07
963403 100.5 5.0368e-07 5.4884e-07
963404 101.0 4.5678e-07 4.7621e-07
963405 101.5 4.1476e-07 4.5741e-07
963406 102.0 3.7705e-07 3.9624e-07
963407 102.5 3.4316e-07 3.4575e-07
963408 103.0 3.1267e-07 3.2901e-07
963409 103.5 2.852e-07 2.7418e-07
963410 104.0 2.6042e-07 2.7201e-07
963411 104.5 2.3804e-07 2.4289e-07
963412 105.0 2.1782e-07 2.3706e-07
963413 105.5 1.9878e-07 2.1117e-07
963414 106.0 1.8174e-07 1.8647e-07
963415 106.5 1.6645e-07 1.6598e-07
963416 107.0 1.5269e-07 1.5019e-07
963417 107.5 1.4029e-07 1.4129e-07
963418 108.0 1.2908e-07 1.2883e-07
963419 108.5 1.1894e-07 1.2295e-07
963420 109.0 1.0974e-07 1.0988e-07
963421 109.5 1.0139e-07 9.7822e-08
963422 110.0 9.3782e-08 8.9945e-08
963423 110.5 8.6689e-08 8.4964e-08
963424 111.0 8.027e-08 7.8501e-08
963425 111.5 7.4446e-08 7.4853e-08
963426 112.0 6.9146e-08 6.9248e-08
963427 112.5 6.4312e-08 6.4991e-08
963428 113.0 5.9892e-08 6.0704e-08
963429 113.5 5.5844e-08 5.6827e-08
963430 114.0 5.2129e-08 5.6744e-08
963431 114.5 4.8712e-08 5.1756e-08
963432 115.0 4.5565e-08 4.7665e-08
963433 115.5 4.2658e-08 4.6386e-08
963434 116.0 3.9975e-08 4.2262e-08
963435 116.5 3.7495e-08 3.9559e-08
963436 117.0 3.5199e-08 3.7267e-08
963437 117.5 3.307e-08 3.5393e-08
963438 118.0 3.1094e-08 3.3992e-08
963439 118.5 2.9258e-08 3.113e-08
963440 119.0 2.755e-08 2.8646e-08
963441 119.5 2.5959e-08 2.6587e-08
963442 120.0 2.4476e-08 2.5503e-08
963443 120.5 2.3096e-08 2.5034e-08
963444 121.0 2.1815e-08 2.3517e-08
963445 121.5 2.0624e-08 2.1911e-08
963446 122.0 1.9516e-08 2.1285e-08
963447 122.5 1.8484e-08 2.0108e-08
963448 123.0 1.7523e-08 1.8666e-08
963449 123.5 1.6627e-08 1.8038e-08
963450 124.0 1.579e-08 1.7589e-08
963451 124.5 1.5009e-08 1.6599e-08
963452 125.0 1.4278e-08 1.5899e-08
963453 125.5 1.3595e-08 1.4414e-08
963454 126.0 1.2955e-08 1.3739e-08
963455 126.5 1.2355e-08 1.3396e-08
963456 127.0 1.1792e-08 1.2403e-08
963457 127.5 1.1263e-08 1.1893e-08
963458 128.0 1.0766e-08 1.1362e-08
963459 128.5 1.0298e-08 1.0722e-08
963460 129.0 9.8578e-09 1.009e-08
963461 129.5 9.4426e-09 1.0072e-08
963462 130.0 9.0509e-09 9.9232e-09
963463 130.5 8.681e-09 9.4814e-09
963464 131.0 8.3315e-09 9.2752e-09
963465 131.5 8.001e-09 8.5936e-09
963466 132.0 7.6883e-09 8.1062e-09
963467 132.5 7.392e-09 7.8201e-09
963468 133.0 7.1112e-09 7.6352e-09
963469 133.5 6.8449e-09 7.2358e-09
963470 134.0 6.5921e-09 6.9874e-09
963471 134.5 6.3521e-09 6.7168e-09
963472 135.0 6.1239e-09 6.6596e-09
963473 135.5 5.9069e-09 6.4925e-09
963474 136.0 5.7004e-09 6.0963e-09
963475 136.5 5.5037e-09 5.7485e-09
963476 137.0 5.3163e-09 5.5725e-09
963477 137.5 5.1377e-09 5.2733e-09
963478 138.0 4.9673e-09 5.0602e-09
963479 138.5 4.8046e-09 4.8709e-09
963480 139.0 4.6493e-09 4.7566e-09
963481 139.5 4.5009e-09 4.5893e-09
963482 140.0 4.3589e-09 4.3966e-09
963483 140.5 4.2232e-09 4.2812e-09
963484 141.0 4.0932e-09 4.1524e-09
963485 141.5 3.9688e-09 4.1771e-09
963486 142.0 3.8496e-09 4.0557e-09
963487 142.5 3.7353e-09 3.8871e-09
963488 143.0 3.6258e-09 3.8047e-09
963489 143.5 3.5206e-09 3.6071e-09
963490 144.0 3.4197e-09 3.5688e-09
963491 144.5 3.3228e-09 3.5189e-09
963492 145.0 3.2297e-09 3.4126e-09
963493 145.5 3.1402e-09 3.4189e-09
963494 146.0 3.0542e-09 3.2986e-09
963495 146.5 2.9714e-09 3.1731e-09
963496 147.0 2.8918e-09 3.0995e-09
963497 147.5 2.8151e-09 3.0486e-09
963498 148.0 2.7412e-09 2.981e-09
963499 148.5 2.67e-09 2.9393e-09
963500 149.0 2.6014e-09 2.7877e-09
963501 149.5 2.5352e-09 2.7431e-09
963502 150.0 2.4714e-09 2.6549e-09
963503 150.5 2.4098e-09 2.6759e-09
963504 151.0 2.3504e-09 2.5831e-09
963505 151.5 2.293e-09 2.4673e-09
963506 152.0 2.2375e-09 2.415e-09
963507 152.5 2.1839e-09 2.3467e-09
963508 153.0 2.1321e-09 2.2544e-09
963509 153.5 2.082e-09 2.1943e-09
963510 154.0 2.0335e-09 2.1276e-09
963511 154.5 1.9866e-09 2.0386e-09
963512 155.0 1.9413e-09 2.0325e-09
963513 155.5 1.8973e-09 2.0237e-09
963514 156.0 1.8547e-09 2.0229e-09
963515 156.5 1.8135e-09 1.958e-09
963516 157.0 1.7735e-09 1.8372e-09
963517 157.5 1.7348e-09 1.794e-09
963518 158.0 1.6972e-09 1.7948e-09
963519 158.5 1.6608e-09 1.7966e-09
963520 159.0 1.6255e-09 1.765e-09
963521 159.5 1.5911e-09 1.6872e-09
963522 160.0 1.5578e-09 1.6861e-09
963523 160.5 1.5255e-09 1.6404e-09
963524 161.0 1.4941e-09 1.5523e-09
963525 161.5 1.4636e-09 1.5436e-09
963526 162.0 1.434e-09 1.4975e-09
963527 162.5 1.4051e-09 1.448e-09
963528 163.0 1.3771e-09 1.3947e-09
963529 163.5 1.3499e-09 1.3529e-09
963530 164.0 1.3234e-09 1.3636e-09
963531 164.5 1.2976e-09 1.2999e-09
963532 165.0 1.2725e-09 1.2901e-09
963533 165.5 1.2481e-09 1.2545e-09
963534 166.0 1.2243e-09 1.2423e-09
963535 166.5 1.2012e-09 1.2631e-09
963536 167.0 1.1786e-09 1.2306e-09
963537 167.5 1.1567e-09 1.2125e-09
963538 168.0 1.1353e-09 1.1866e-09
963539 168.5 1.1144e-09 1.2042e-09
963540 169.0 1.0941e-09 1.1692e-09
963541 169.5 1.0743e-09 1.1729e-09
963542 170.0 1.055e-09 1.1491e-09
963543 170.5 1.0361e-09 1.1221e-09
963544 171.0 1.0177e-09 1.1017e-09
963545 171.5 9.9978e-10 1.0837e-09
963546 172.0 9.8227e-10 1.0652e-09
963547 172.5 9.6518e-10 1.0407e-09
963548 173.0 9.485e-10 1.0196e-09
963549 173.5 9.3221e-10 1.0036e-09
963550 174.0 9.163e-10 9.9786e-10
963551 174.5 9.0076e-10 1.0022e-09
963552 175.0 8.8558e-10 9.7709e-10
963553 175.5 8.7075e-10 9.5173e-10
963554 176.0 8.5626e-10 9.3511e-10
963555 176.5 8.4209e-10 9.1837e-10
963556 177.0 8.2824e-10 8.9135e-10
963557 177.5 8.1471e-10 8.7011e-10
963558 178.0 8.0147e-10 8.5381e-10
963559 178.5 7.8852e-10 8.2924e-10
963560 179.0 7.7586e-10 7.9031e-10
963561 179.5 7.6347e-10 7.9523e-10
963562 180.0 7.5134e-10 7.8003e-10
963563 180.5 7.3948e-10 7.803e-10
963564 181.0 7.2787e-10 7.7189e-10
963565 181.5 7.1651e-10 7.6075e-10
963566 182.0 7.0539e-10 7.4837e-10
963567 182.5 6.945e-10 7.4429e-10
963568 183.0 6.8383e-10 7.3211e-10
963569 183.5 6.7339e-10 7.2598e-10
963570 184.0 6.6315e-10 6.9885e-10
963571 184.5 6.5313e-10 6.8441e-10
963572 185.0 6.4331e-10 6.6413e-10
963573 185.5 6.3369e-10 6.5473e-10
963574 186.0 6.2426e-10 6.3768e-10
963575 186.5 6.1502e-10 6.2722e-10
963576 187.0 6.0596e-10 6.1681e-10
963577 187.5 5.9708e-10 6.0723e-10
963578 188.0 5.8838e-10 6.0263e-10
963579 188.5 5.7984e-10 5.967e-10
963580 189.0 5.7147e-10 5.9944e-10
963581 189.5 5.6326e-10 6.0745e-10
963582 190.0 5.5521e-10 6.1426e-10
963583 190.5 5.473e-10 6.0172e-10
963584 191.0 5.3955e-10 5.84e-10
963585 191.5 5.3195e-10 6.0159e-10
963586 192.0 5.2448e-10 6.0018e-10
963587 192.5 5.1716e-10 6.0017e-10
963588 193.0 5.0997e-10 5.9501e-10
963589 193.5 5.0292e-10 5.8608e-10
963590 194.0 4.9599e-10 5.6473e-10
963591 194.5 4.8919e-10 5.5702e-10
963592 195.0 4.8251e-10 5.428e-10
963593 195.5 4.7595e-10 5.2472e-10
963594 196.0 4.6951e-10 5.1363e-10
963595 196.5 4.6319e-10 5.113e-10
963596 197.0 4.5697e-10 5.1376e-10
963597 197.5 4.5087e-10 5.0192e-10
963598 198.0 4.4487e-10 4.8742e-10
963599 198.5 4.3898e-10 4.8799e-10
963600 199.0 4.3319e-10 4.7223e-10
963601 199.5 4.275e-10 4.5553e-10
963602 200.0 4.2191e-10 4.5848e-10
