 Hgtkm DensMean DensPert
1082700 0.0 1.1656 1.1341
1082701 0.5 1.1117 1.0811
1082702 1.0 1.06 1.0313
1082703 1.5 1.0101 0.97952
1082704 2.0 0.96405 0.93618
1082705 2.5 0.91875 0.9011
1082706 3.0 0.87485 0.85463
1082707 3.5 0.83389 0.81999
1082708 4.0 0.79521 0.78291
1082709 4.5 0.75791 0.74446
1082710 5.0 0.72062 0.71143
1082711 5.5 0.68516 0.67703
1082712 6.0 0.65099 0.64417
1082713 6.5 0.61753 0.6103
1082714 7.0 0.5858 0.57975
1082715 7.5 0.5557 0.55021
1082716 8.0 0.52637 0.52163
1082717 8.5 0.49854 0.49553
1082718 9.0 0.47219 0.46975
1082719 9.5 0.44723 0.44637
1082720 10.0 0.42223 0.4234
1082721 10.5 0.39833 0.3994
1082722 11.0 0.37498 0.37688
1082723 11.5 0.35148 0.35329
1082724 12.0 0.32946 0.33094
1082725 12.5 0.30821 0.30911
1082726 13.0 0.2875 0.28941
1082727 13.5 0.26819 0.27175
1082728 14.0 0.25018 0.25329
1082729 14.5 0.23224 0.23426
1082730 15.0 0.21522 0.21982
1082731 15.5 0.19945 0.20261
1082732 16.0 0.18484 0.18819
1082733 16.5 0.1713 0.1741
1082734 17.0 0.15766 0.1601
1082735 17.5 0.14477 0.1472
1082736 18.0 0.13294 0.13349
1082737 18.5 0.12208 0.1233
1082738 19.0 0.11216 0.11279
1082739 19.5 0.10313 0.10413
1082740 20.0 0.09483 0.095373
1082741 20.5 0.087198 0.087633
1082742 21.0 0.080207 0.081374
1082743 21.5 0.073926 0.074344
1082744 22.0 0.068138 0.068355
1082745 22.5 0.062804 0.063213
1082746 23.0 0.057888 0.058073
1082747 23.5 0.053357 0.053468
1082748 24.0 0.049182 0.049519
1082749 24.5 0.045387 0.045513
1082750 25.0 0.041919 0.041914
1082751 25.5 0.038717 0.038799
1082752 26.0 0.035759 0.035636
1082753 26.5 0.033028 0.032893
1082754 27.0 0.030517 0.030377
1082755 27.5 0.028214 0.027859
1082756 28.0 0.02607 0.025664
1082757 28.5 0.024079 0.023695
1082758 29.0 0.022235 0.021884
1082759 29.5 0.020534 0.020286
1082760 30.0 0.018972 0.018666
1082761 30.5 0.017528 0.017206
1082762 31.0 0.016206 0.015774
1082763 31.5 0.014997 0.014624
1082764 32.0 0.013887 0.013441
1082765 32.5 0.012864 0.012563
1082766 33.0 0.01192 0.011676
1082767 33.5 0.011049 0.010957
1082768 34.0 0.010245 0.010041
1082769 34.5 0.0095026 0.0094676
1082770 35.0 0.0088171 0.0087141
1082771 35.5 0.0081759 0.0079495
1082772 36.0 0.0075843 0.0074608
1082773 36.5 0.0070383 0.0068293
1082774 37.0 0.0065342 0.006356
1082775 37.5 0.0060686 0.0060601
1082776 38.0 0.0056384 0.0055872
1082777 38.5 0.0052406 0.0052682
1082778 39.0 0.0048728 0.0049101
1082779 39.5 0.0045324 0.0045429
1082780 40.0 0.0042174 0.0042121
1082781 40.5 0.0039312 0.0039342
1082782 41.0 0.0036655 0.0036315
1082783 41.5 0.0034187 0.0034176
1082784 42.0 0.0031894 0.0031588
1082785 42.5 0.0029763 0.0029255
1082786 43.0 0.0027781 0.0027239
1082787 43.5 0.0025939 0.0025715
1082788 44.0 0.0024226 0.0024441
1082789 44.5 0.0022632 0.0022747
1082790 45.0 0.0021148 0.002121
1082791 45.5 0.001983 0.0019804
1082792 46.0 0.0018594 0.0018782
1082793 46.5 0.0017437 0.0017414
1082794 47.0 0.0016352 0.0016621
1082795 47.5 0.0015336 0.0015442
1082796 48.0 0.0014384 0.0014538
1082797 48.5 0.0013491 0.0013549
1082798 49.0 0.0012654 0.001265
1082799 49.5 0.001187 0.0011787
1082800 50.0 0.0011135 0.0011171
1082801 50.5 0.0010487 0.0010346
1082802 51.0 0.00098743 0.00098057
1082803 51.5 0.00092954 0.00091472
1082804 52.0 0.00087485 0.00087325
1082805 52.5 0.00082321 0.00080902
1082806 53.0 0.00077443 0.00074967
1082807 53.5 0.00072839 0.000716
1082808 54.0 0.00068493 0.00066366
1082809 54.5 0.00064391 0.0006174
1082810 55.0 0.00060522 0.00058156
1082811 55.5 0.00056946 0.00055292
1082812 56.0 0.00053563 0.00053219
1082813 56.5 0.00050363 0.00050018
1082814 57.0 0.00047338 0.00046991
1082815 57.5 0.0004448 0.00044329
1082816 58.0 0.00041778 0.00042763
1082817 58.5 0.00039227 0.00040195
1082818 59.0 0.00036818 0.00037704
1082819 59.5 0.00034544 0.00034526
1082820 60.0 0.00032399 0.00032254
1082821 60.5 0.00030372 0.00030056
1082822 61.0 0.00028463 0.00027705
1082823 61.5 0.00026664 0.00026056
1082824 62.0 0.00024971 0.0002507
1082825 62.5 0.00023377 0.00023672
1082826 63.0 0.00021877 0.00022476
1082827 63.5 0.00020467 0.00021422
1082828 64.0 0.0001914 0.00020123
1082829 64.5 0.00017893 0.0001813
1082830 65.0 0.00016721 0.00017271
1082831 65.5 0.0001562 0.00016246
1082832 66.0 0.00014585 0.00015097
1082833 66.5 0.00013614 0.00014364
1082834 67.0 0.00012702 0.00013193
1082835 67.5 0.00011847 0.00012256
1082836 68.0 0.00011044 0.00011442
1082837 68.5 0.00010291 0.00010822
1082838 69.0 9.586e-05 9.997e-05
1082839 69.5 8.9252e-05 9.1737e-05
1082840 70.0 8.3063e-05 8.5621e-05
1082841 70.5 7.7163e-05 8.0503e-05
1082842 71.0 7.1662e-05 7.4734e-05
1082843 71.5 6.6533e-05 6.9374e-05
1082844 72.0 6.1754e-05 6.5184e-05
1082845 72.5 5.73e-05 6.0211e-05
1082846 73.0 5.3152e-05 5.5716e-05
1082847 73.5 4.929e-05 5.2074e-05
1082848 74.0 4.5694e-05 4.7401e-05
1082849 74.5 4.2348e-05 4.4164e-05
1082850 75.0 3.9234e-05 4.1117e-05
1082851 75.5 3.6322e-05 3.8043e-05
1082852 76.0 3.362e-05 3.4859e-05
1082853 76.5 3.1114e-05 3.3144e-05
1082854 77.0 2.879e-05 3.0252e-05
1082855 77.5 2.6635e-05 2.8172e-05
1082856 78.0 2.4638e-05 2.589e-05
1082857 78.5 2.2786e-05 2.376e-05
1082858 79.0 2.107e-05 2.1787e-05
1082859 79.5 1.948e-05 1.9788e-05
1082860 80.0 1.8007e-05 1.7997e-05
1082861 80.5 1.6666e-05 1.7499e-05
1082862 81.0 1.5421e-05 1.6001e-05
1082863 81.5 1.4266e-05 1.5224e-05
1082864 82.0 1.3195e-05 1.4016e-05
1082865 82.5 1.2201e-05 1.2693e-05
1082866 83.0 1.1279e-05 1.1649e-05
1082867 83.5 1.0424e-05 1.0758e-05
1082868 84.0 9.6315e-06 9.9435e-06
1082869 84.5 8.8972e-06 9.0561e-06
1082870 85.0 8.2168e-06 8.4626e-06
1082871 85.5 7.5691e-06 8.0471e-06
1082872 86.0 6.9703e-06 7.6776e-06
1082873 86.5 6.4168e-06 6.8919e-06
1082874 87.0 5.9053e-06 6.4261e-06
1082875 87.5 5.4329e-06 5.9427e-06
1082876 88.0 4.9967e-06 5.5771e-06
1082877 88.5 4.5939e-06 5.2165e-06
1082878 89.0 4.2223e-06 4.8882e-06
1082879 89.5 3.8794e-06 4.3596e-06
1082880 90.0 3.5632e-06 3.96e-06
1082881 90.5 3.2661e-06 3.8683e-06
1082882 91.0 2.9921e-06 3.5502e-06
1082883 91.5 2.7394e-06 3.2072e-06
1082884 92.0 2.5064e-06 2.8602e-06
1082885 92.5 2.2918e-06 2.493e-06
1082886 93.0 2.0942e-06 2.38e-06
1082887 93.5 1.9124e-06 2.2442e-06
1082888 94.0 1.7451e-06 2.1031e-06
1082889 94.5 1.5915e-06 1.952e-06
1082890 95.0 1.4504e-06 1.8056e-06
1082891 95.5 1.3156e-06 1.5953e-06
1082892 96.0 1.1938e-06 1.451e-06
1082893 96.5 1.0837e-06 1.3112e-06
1082894 97.0 9.8411e-07 1.2248e-06
1082895 97.5 8.94e-07 1.0871e-06
1082896 98.0 8.1243e-07 1.0032e-06
1082897 98.5 7.3857e-07 8.9747e-07
1082898 99.0 6.7167e-07 8.5124e-07
1082899 99.5 6.1105e-07 7.5199e-07
1082900 100.0 5.5611e-07 6.9773e-07
1082901 100.5 5.0368e-07 6.2362e-07
1082902 101.0 4.5678e-07 5.7488e-07
1082903 101.5 4.1476e-07 5.1575e-07
1082904 102.0 3.7705e-07 4.5087e-07
1082905 102.5 3.4316e-07 3.9808e-07
1082906 103.0 3.1267e-07 3.5305e-07
1082907 103.5 2.852e-07 3.3056e-07
1082908 104.0 2.6042e-07 2.767e-07
1082909 104.5 2.3804e-07 2.514e-07
1082910 105.0 2.1782e-07 2.2232e-07
1082911 105.5 1.9878e-07 2.0866e-07
1082912 106.0 1.8174e-07 1.8664e-07
1082913 106.5 1.6645e-07 1.8156e-07
1082914 107.0 1.5269e-07 1.5881e-07
1082915 107.5 1.4029e-07 1.4991e-07
1082916 108.0 1.2908e-07 1.3576e-07
1082917 108.5 1.1894e-07 1.2933e-07
1082918 109.0 1.0974e-07 1.1772e-07
1082919 109.5 1.0139e-07 1.0634e-07
1082920 110.0 9.3782e-08 9.4121e-08
1082921 110.5 8.6689e-08 9.0943e-08
1082922 111.0 8.027e-08 8.3967e-08
1082923 111.5 7.4446e-08 7.7388e-08
1082924 112.0 6.9146e-08 6.8477e-08
1082925 112.5 6.4312e-08 6.4901e-08
1082926 113.0 5.9892e-08 6.3092e-08
1082927 113.5 5.5844e-08 5.7941e-08
1082928 114.0 5.2129e-08 5.4239e-08
1082929 114.5 4.8712e-08 5.3548e-08
1082930 115.0 4.5565e-08 4.9396e-08
1082931 115.5 4.2658e-08 4.6647e-08
1082932 116.0 3.9975e-08 4.2313e-08
1082933 116.5 3.7495e-08 4.1629e-08
1082934 117.0 3.5199e-08 3.6791e-08
1082935 117.5 3.307e-08 3.3722e-08
1082936 118.0 3.1094e-08 3.1155e-08
1082937 118.5 2.9258e-08 2.9297e-08
1082938 119.0 2.755e-08 2.8084e-08
1082939 119.5 2.5959e-08 2.5989e-08
1082940 120.0 2.4476e-08 2.3863e-08
1082941 120.5 2.3096e-08 2.3802e-08
1082942 121.0 2.1815e-08 2.3165e-08
1082943 121.5 2.0624e-08 2.2221e-08
1082944 122.0 1.9516e-08 2.0343e-08
1082945 122.5 1.8484e-08 1.8664e-08
1082946 123.0 1.7523e-08 1.7383e-08
1082947 123.5 1.6627e-08 1.6103e-08
1082948 124.0 1.579e-08 1.5296e-08
1082949 124.5 1.5009e-08 1.4786e-08
1082950 125.0 1.4278e-08 1.3674e-08
1082951 125.5 1.3595e-08 1.2898e-08
1082952 126.0 1.2955e-08 1.1962e-08
1082953 126.5 1.2355e-08 1.1727e-08
1082954 127.0 1.1792e-08 1.1323e-08
1082955 127.5 1.1263e-08 1.0538e-08
1082956 128.0 1.0766e-08 1.0212e-08
1082957 128.5 1.0298e-08 9.9411e-09
1082958 129.0 9.8578e-09 9.6301e-09
1082959 129.5 9.4426e-09 9.4656e-09
1082960 130.0 9.0509e-09 8.7774e-09
1082961 130.5 8.681e-09 8.014e-09
1082962 131.0 8.3315e-09 7.3889e-09
1082963 131.5 8.001e-09 7.0549e-09
1082964 132.0 7.6883e-09 7.2197e-09
1082965 132.5 7.392e-09 6.9048e-09
1082966 133.0 7.1112e-09 6.9184e-09
1082967 133.5 6.8449e-09 6.626e-09
1082968 134.0 6.5921e-09 6.4702e-09
1082969 134.5 6.3521e-09 6.1474e-09
1082970 135.0 6.1239e-09 6.0581e-09
1082971 135.5 5.9069e-09 5.9749e-09
1082972 136.0 5.7004e-09 5.9271e-09
1082973 136.5 5.5037e-09 5.9619e-09
1082974 137.0 5.3163e-09 5.9464e-09
1082975 137.5 5.1377e-09 5.7557e-09
1082976 138.0 4.9673e-09 5.6116e-09
1082977 138.5 4.8046e-09 5.4649e-09
1082978 139.0 4.6493e-09 5.359e-09
1082979 139.5 4.5009e-09 5.2145e-09
1082980 140.0 4.3589e-09 4.9531e-09
1082981 140.5 4.2232e-09 4.8854e-09
1082982 141.0 4.0932e-09 4.6992e-09
1082983 141.5 3.9688e-09 4.3738e-09
1082984 142.0 3.8496e-09 4.1201e-09
1082985 142.5 3.7353e-09 3.9967e-09
1082986 143.0 3.6258e-09 3.7895e-09
1082987 143.5 3.5206e-09 3.6671e-09
1082988 144.0 3.4197e-09 3.5518e-09
1082989 144.5 3.3228e-09 3.4327e-09
1082990 145.0 3.2297e-09 3.3925e-09
1082991 145.5 3.1402e-09 3.4325e-09
1082992 146.0 3.0542e-09 3.29e-09
1082993 146.5 2.9714e-09 3.2105e-09
1082994 147.0 2.8918e-09 3.0868e-09
1082995 147.5 2.8151e-09 3.0112e-09
1082996 148.0 2.7412e-09 2.9558e-09
1082997 148.5 2.67e-09 2.7884e-09
1082998 149.0 2.6014e-09 2.7943e-09
1082999 149.5 2.5352e-09 2.6523e-09
1083000 150.0 2.4714e-09 2.5819e-09
1083001 150.5 2.4098e-09 2.5145e-09
1083002 151.0 2.3504e-09 2.463e-09
1083003 151.5 2.293e-09 2.3584e-09
1083004 152.0 2.2375e-09 2.315e-09
1083005 152.5 2.1839e-09 2.2915e-09
1083006 153.0 2.1321e-09 2.3057e-09
1083007 153.5 2.082e-09 2.2778e-09
1083008 154.0 2.0335e-09 2.1808e-09
1083009 154.5 1.9866e-09 2.0919e-09
1083010 155.0 1.9413e-09 2.0326e-09
1083011 155.5 1.8973e-09 1.9681e-09
1083012 156.0 1.8547e-09 1.9967e-09
1083013 156.5 1.8135e-09 1.9893e-09
1083014 157.0 1.7735e-09 1.9234e-09
1083015 157.5 1.7348e-09 1.8669e-09
1083016 158.0 1.6972e-09 1.7948e-09
1083017 158.5 1.6608e-09 1.73e-09
1083018 159.0 1.6255e-09 1.6888e-09
1083019 159.5 1.5911e-09 1.6074e-09
1083020 160.0 1.5578e-09 1.599e-09
1083021 160.5 1.5255e-09 1.5268e-09
1083022 161.0 1.4941e-09 1.4657e-09
1083023 161.5 1.4636e-09 1.4773e-09
1083024 162.0 1.434e-09 1.4582e-09
1083025 162.5 1.4051e-09 1.4132e-09
1083026 163.0 1.3771e-09 1.381e-09
1083027 163.5 1.3499e-09 1.339e-09
1083028 164.0 1.3234e-09 1.3028e-09
1083029 164.5 1.2976e-09 1.2568e-09
1083030 165.0 1.2725e-09 1.2774e-09
1083031 165.5 1.2481e-09 1.2514e-09
1083032 166.0 1.2243e-09 1.2552e-09
1083033 166.5 1.2012e-09 1.1995e-09
1083034 167.0 1.1786e-09 1.1607e-09
1083035 167.5 1.1567e-09 1.1271e-09
1083036 168.0 1.1353e-09 1.107e-09
1083037 168.5 1.1144e-09 1.0868e-09
1083038 169.0 1.0941e-09 1.0567e-09
1083039 169.5 1.0743e-09 1.0125e-09
1083040 170.0 1.055e-09 9.8958e-10
1083041 170.5 1.0361e-09 9.6828e-10
1083042 171.0 1.0177e-09 9.4378e-10
1083043 171.5 9.9978e-10 9.3769e-10
1083044 172.0 9.8227e-10 9.3429e-10
1083045 172.5 9.6518e-10 8.9714e-10
1083046 173.0 9.485e-10 8.7954e-10
1083047 173.5 9.3221e-10 8.5602e-10
1083048 174.0 9.163e-10 8.5619e-10
1083049 174.5 9.0076e-10 8.494e-10
1083050 175.0 8.8558e-10 8.3626e-10
1083051 175.5 8.7075e-10 8.3447e-10
1083052 176.0 8.5626e-10 8.3671e-10
1083053 176.5 8.4209e-10 8.1444e-10
1083054 177.0 8.2824e-10 7.9628e-10
1083055 177.5 8.1471e-10 7.8458e-10
1083056 178.0 8.0147e-10 7.6413e-10
1083057 178.5 7.8852e-10 7.4705e-10
1083058 179.0 7.7586e-10 7.3575e-10
1083059 179.5 7.6347e-10 7.3876e-10
1083060 180.0 7.5134e-10 7.1605e-10
1083061 180.5 7.3948e-10 7.0914e-10
1083062 181.0 7.2787e-10 7.1579e-10
1083063 181.5 7.1651e-10 7.0872e-10
1083064 182.0 7.0539e-10 7.1338e-10
1083065 182.5 6.945e-10 7.1152e-10
1083066 183.0 6.8383e-10 6.9194e-10
1083067 183.5 6.7339e-10 6.763e-10
1083068 184.0 6.6315e-10 6.6076e-10
1083069 184.5 6.5313e-10 6.5458e-10
1083070 185.0 6.4331e-10 6.4057e-10
1083071 185.5 6.3369e-10 6.3205e-10
1083072 186.0 6.2426e-10 6.3258e-10
1083073 186.5 6.1502e-10 6.1737e-10
1083074 187.0 6.0596e-10 6.0757e-10
1083075 187.5 5.9708e-10 6.0925e-10
1083076 188.0 5.8838e-10 6.0074e-10
1083077 188.5 5.7984e-10 5.8529e-10
1083078 189.0 5.7147e-10 5.7509e-10
1083079 189.5 5.6326e-10 5.4885e-10
1083080 190.0 5.5521e-10 5.532e-10
1083081 190.5 5.473e-10 5.4115e-10
1083082 191.0 5.3955e-10 5.4191e-10
1083083 191.5 5.3195e-10 5.1804e-10
1083084 192.0 5.2448e-10 5.2603e-10
1083085 192.5 5.1716e-10 5.3386e-10
1083086 193.0 5.0997e-10 5.2725e-10
1083087 193.5 5.0292e-10 5.0914e-10
1083088 194.0 4.9599e-10 5.0472e-10
1083089 194.5 4.8919e-10 4.9875e-10
1083090 195.0 4.8251e-10 4.8646e-10
1083091 195.5 4.7595e-10 4.7425e-10
1083092 196.0 4.6951e-10 4.6165e-10
1083093 196.5 4.6319e-10 4.6192e-10
1083094 197.0 4.5697e-10 4.5715e-10
1083095 197.5 4.5087e-10 4.5167e-10
1083096 198.0 4.4487e-10 4.3538e-10
1083097 198.5 4.3898e-10 4.3352e-10
1083098 199.0 4.3319e-10 4.258e-10
1083099 199.5 4.275e-10 4.1872e-10
1083100 200.0 4.2191e-10 4.0907e-10
