 Hgtkm DensMean DensPert
1138840 0.0 1.1656 1.1232
1138841 0.5 1.1117 1.072
1138842 1.0 1.06 1.0198
1138843 1.5 1.0101 0.98817
1138844 2.0 0.96405 0.92249
1138845 2.5 0.91875 0.88782
1138846 3.0 0.87485 0.85495
1138847 3.5 0.83389 0.82128
1138848 4.0 0.79521 0.78406
1138849 4.5 0.75791 0.75025
1138850 5.0 0.72062 0.7145
1138851 5.5 0.68516 0.68144
1138852 6.0 0.65099 0.6484
1138853 6.5 0.61753 0.61763
1138854 7.0 0.5858 0.58971
1138855 7.5 0.5557 0.56286
1138856 8.0 0.52637 0.53319
1138857 8.5 0.49854 0.50664
1138858 9.0 0.47219 0.47964
1138859 9.5 0.44723 0.45477
1138860 10.0 0.42223 0.43051
1138861 10.5 0.39833 0.40507
1138862 11.0 0.37498 0.38279
1138863 11.5 0.35148 0.3601
1138864 12.0 0.32946 0.33748
1138865 12.5 0.30821 0.31695
1138866 13.0 0.2875 0.29592
1138867 13.5 0.26819 0.27414
1138868 14.0 0.25018 0.2561
1138869 14.5 0.23224 0.23771
1138870 15.0 0.21522 0.21904
1138871 15.5 0.19945 0.20542
1138872 16.0 0.18484 0.18744
1138873 16.5 0.1713 0.1746
1138874 17.0 0.15766 0.16141
1138875 17.5 0.14477 0.1469
1138876 18.0 0.13294 0.13424
1138877 18.5 0.12208 0.12255
1138878 19.0 0.11216 0.11277
1138879 19.5 0.10313 0.10312
1138880 20.0 0.09483 0.094492
1138881 20.5 0.087198 0.086889
1138882 21.0 0.080207 0.080489
1138883 21.5 0.073926 0.074042
1138884 22.0 0.068138 0.068588
1138885 22.5 0.062804 0.063243
1138886 23.0 0.057888 0.057587
1138887 23.5 0.053357 0.053
1138888 24.0 0.049182 0.048961
1138889 24.5 0.045387 0.044936
1138890 25.0 0.041919 0.041517
1138891 25.5 0.038717 0.03819
1138892 26.0 0.035759 0.035102
1138893 26.5 0.033028 0.032611
1138894 27.0 0.030517 0.030123
1138895 27.5 0.028214 0.027765
1138896 28.0 0.02607 0.025628
1138897 28.5 0.024079 0.02369
1138898 29.0 0.022235 0.021935
1138899 29.5 0.020534 0.020175
1138900 30.0 0.018972 0.018678
1138901 30.5 0.017528 0.017108
1138902 31.0 0.016206 0.015826
1138903 31.5 0.014997 0.014646
1138904 32.0 0.013887 0.013462
1138905 32.5 0.012864 0.012463
1138906 33.0 0.01192 0.011508
1138907 33.5 0.011049 0.010748
1138908 34.0 0.010245 0.0099747
1138909 34.5 0.0095026 0.0093133
1138910 35.0 0.0088171 0.0085943
1138911 35.5 0.0081759 0.0079735
1138912 36.0 0.0075843 0.0074398
1138913 36.5 0.0070383 0.0068748
1138914 37.0 0.0065342 0.0063695
1138915 37.5 0.0060686 0.0059983
1138916 38.0 0.0056384 0.0055446
1138917 38.5 0.0052406 0.0051327
1138918 39.0 0.0048728 0.0047461
1138919 39.5 0.0045324 0.0044192
1138920 40.0 0.0042174 0.0041204
1138921 40.5 0.0039312 0.0038757
1138922 41.0 0.0036655 0.0036807
1138923 41.5 0.0034187 0.0034631
1138924 42.0 0.0031894 0.003181
1138925 42.5 0.0029763 0.0029687
1138926 43.0 0.0027781 0.0027932
1138927 43.5 0.0025939 0.0025732
1138928 44.0 0.0024226 0.0024389
1138929 44.5 0.0022632 0.0022745
1138930 45.0 0.0021148 0.0021186
1138931 45.5 0.001983 0.002001
1138932 46.0 0.0018594 0.0018673
1138933 46.5 0.0017437 0.0017847
1138934 47.0 0.0016352 0.0016528
1138935 47.5 0.0015336 0.0015351
1138936 48.0 0.0014384 0.0014385
1138937 48.5 0.0013491 0.0013337
1138938 49.0 0.0012654 0.0012379
1138939 49.5 0.001187 0.0011786
1138940 50.0 0.0011135 0.0011132
1138941 50.5 0.0010487 0.0010619
1138942 51.0 0.00098743 0.0010086
1138943 51.5 0.00092954 0.00093041
1138944 52.0 0.00087485 0.00088396
1138945 52.5 0.00082321 0.0008267
1138946 53.0 0.00077443 0.00078236
1138947 53.5 0.00072839 0.00072759
1138948 54.0 0.00068493 0.00067182
1138949 54.5 0.00064391 0.00063626
1138950 55.0 0.00060522 0.00059814
1138951 55.5 0.00056946 0.00056399
1138952 56.0 0.00053563 0.00053834
1138953 56.5 0.00050363 0.00050605
1138954 57.0 0.00047338 0.00047429
1138955 57.5 0.0004448 0.00044976
1138956 58.0 0.00041778 0.00042488
1138957 58.5 0.00039227 0.00040976
1138958 59.0 0.00036818 0.0003915
1138959 59.5 0.00034544 0.00036637
1138960 60.0 0.00032399 0.00034693
1138961 60.5 0.00030372 0.00033507
1138962 61.0 0.00028463 0.00031374
1138963 61.5 0.00026664 0.00029349
1138964 62.0 0.00024971 0.00027074
1138965 62.5 0.00023377 0.00025275
1138966 63.0 0.00021877 0.00024133
1138967 63.5 0.00020467 0.00022448
1138968 64.0 0.0001914 0.00021058
1138969 64.5 0.00017893 0.00019278
1138970 65.0 0.00016721 0.00017944
1138971 65.5 0.0001562 0.00016769
1138972 66.0 0.00014585 0.00015751
1138973 66.5 0.00013614 0.00014533
1138974 67.0 0.00012702 0.00013362
1138975 67.5 0.00011847 0.00012162
1138976 68.0 0.00011044 0.00011371
1138977 68.5 0.00010291 0.0001094
1138978 69.0 9.586e-05 0.00010185
1138979 69.5 8.9252e-05 9.3491e-05
1138980 70.0 8.3063e-05 8.7015e-05
1138981 70.5 7.7163e-05 8.3857e-05
1138982 71.0 7.1662e-05 7.8627e-05
1138983 71.5 6.6533e-05 7.1428e-05
1138984 72.0 6.1754e-05 6.4799e-05
1138985 72.5 5.73e-05 6.0055e-05
1138986 73.0 5.3152e-05 5.4802e-05
1138987 73.5 4.929e-05 5.0389e-05
1138988 74.0 4.5694e-05 4.6333e-05
1138989 74.5 4.2348e-05 4.2174e-05
1138990 75.0 3.9234e-05 3.909e-05
1138991 75.5 3.6322e-05 3.6153e-05
1138992 76.0 3.362e-05 3.302e-05
1138993 76.5 3.1114e-05 3.1872e-05
1138994 77.0 2.879e-05 3.1127e-05
1138995 77.5 2.6635e-05 2.6983e-05
1138996 78.0 2.4638e-05 2.513e-05
1138997 78.5 2.2786e-05 2.2668e-05
1138998 79.0 2.107e-05 2.1619e-05
1138999 79.5 1.948e-05 2.0039e-05
1139000 80.0 1.8007e-05 1.8326e-05
1139001 80.5 1.6666e-05 1.7068e-05
1139002 81.0 1.5421e-05 1.5884e-05
1139003 81.5 1.4266e-05 1.4432e-05
1139004 82.0 1.3195e-05 1.3246e-05
1139005 82.5 1.2201e-05 1.2592e-05
1139006 83.0 1.1279e-05 1.1547e-05
1139007 83.5 1.0424e-05 1.0897e-05
1139008 84.0 9.6315e-06 1.0118e-05
1139009 84.5 8.8972e-06 9.3558e-06
1139010 85.0 8.2168e-06 8.4683e-06
1139011 85.5 7.5691e-06 7.5173e-06
1139012 86.0 6.9703e-06 6.7948e-06
1139013 86.5 6.4168e-06 6.3214e-06
1139014 87.0 5.9053e-06 5.9444e-06
1139015 87.5 5.4329e-06 5.5353e-06
1139016 88.0 4.9967e-06 5.2199e-06
1139017 88.5 4.5939e-06 4.6884e-06
1139018 89.0 4.2223e-06 4.3832e-06
1139019 89.5 3.8794e-06 3.8671e-06
1139020 90.0 3.5632e-06 3.5e-06
1139021 90.5 3.2661e-06 3.2059e-06
1139022 91.0 2.9921e-06 2.9855e-06
1139023 91.5 2.7394e-06 2.7701e-06
1139024 92.0 2.5064e-06 2.5162e-06
1139025 92.5 2.2918e-06 2.3042e-06
1139026 93.0 2.0942e-06 2.1925e-06
1139027 93.5 1.9124e-06 2.1454e-06
1139028 94.0 1.7451e-06 2.0072e-06
1139029 94.5 1.5915e-06 1.8937e-06
1139030 95.0 1.4504e-06 1.7872e-06
1139031 95.5 1.3156e-06 1.6097e-06
1139032 96.0 1.1938e-06 1.4634e-06
1139033 96.5 1.0837e-06 1.3749e-06
1139034 97.0 9.8411e-07 1.2128e-06
1139035 97.5 8.94e-07 1.1371e-06
1139036 98.0 8.1243e-07 1.0649e-06
1139037 98.5 7.3857e-07 9.2889e-07
1139038 99.0 6.7167e-07 8.0951e-07
1139039 99.5 6.1105e-07 7.6724e-07
1139040 100.0 5.5611e-07 6.7604e-07
1139041 100.5 5.0368e-07 6.174e-07
1139042 101.0 4.5678e-07 5.3992e-07
1139043 101.5 4.1476e-07 5.0796e-07
1139044 102.0 3.7705e-07 4.6548e-07
1139045 102.5 3.4316e-07 4.38e-07
1139046 103.0 3.1267e-07 4.0164e-07
1139047 103.5 2.852e-07 3.6404e-07
1139048 104.0 2.6042e-07 3.4318e-07
1139049 104.5 2.3804e-07 3.1467e-07
1139050 105.0 2.1782e-07 2.8006e-07
1139051 105.5 1.9878e-07 2.521e-07
1139052 106.0 1.8174e-07 2.1741e-07
1139053 106.5 1.6645e-07 1.965e-07
1139054 107.0 1.5269e-07 1.7935e-07
1139055 107.5 1.4029e-07 1.7225e-07
1139056 108.0 1.2908e-07 1.565e-07
1139057 108.5 1.1894e-07 1.496e-07
1139058 109.0 1.0974e-07 1.4042e-07
1139059 109.5 1.0139e-07 1.291e-07
1139060 110.0 9.3782e-08 1.2295e-07
1139061 110.5 8.6689e-08 1.1108e-07
1139062 111.0 8.027e-08 1.0398e-07
1139063 111.5 7.4446e-08 9.5908e-08
1139064 112.0 6.9146e-08 8.4846e-08
1139065 112.5 6.4312e-08 8.0951e-08
1139066 113.0 5.9892e-08 7.4546e-08
1139067 113.5 5.5844e-08 7.0711e-08
1139068 114.0 5.2129e-08 6.428e-08
1139069 114.5 4.8712e-08 6.0862e-08
1139070 115.0 4.5565e-08 5.7195e-08
1139071 115.5 4.2658e-08 5.3065e-08
1139072 116.0 3.9975e-08 5.1731e-08
1139073 116.5 3.7495e-08 4.929e-08
1139074 117.0 3.5199e-08 4.5405e-08
1139075 117.5 3.307e-08 4.2152e-08
1139076 118.0 3.1094e-08 3.8252e-08
1139077 118.5 2.9258e-08 3.5727e-08
1139078 119.0 2.755e-08 3.3028e-08
1139079 119.5 2.5959e-08 3.0064e-08
1139080 120.0 2.4476e-08 2.6909e-08
1139081 120.5 2.3096e-08 2.5771e-08
1139082 121.0 2.1815e-08 2.3478e-08
1139083 121.5 2.0624e-08 2.2347e-08
1139084 122.0 1.9516e-08 2.0294e-08
1139085 122.5 1.8484e-08 1.9837e-08
1139086 123.0 1.7523e-08 1.8601e-08
1139087 123.5 1.6627e-08 1.7649e-08
1139088 124.0 1.579e-08 1.7121e-08
1139089 124.5 1.5009e-08 1.6662e-08
1139090 125.0 1.4278e-08 1.5674e-08
1139091 125.5 1.3595e-08 1.4815e-08
1139092 126.0 1.2955e-08 1.4025e-08
1139093 126.5 1.2355e-08 1.3506e-08
1139094 127.0 1.1792e-08 1.2719e-08
1139095 127.5 1.1263e-08 1.2177e-08
1139096 128.0 1.0766e-08 1.2144e-08
1139097 128.5 1.0298e-08 1.1406e-08
1139098 129.0 9.8578e-09 1.0975e-08
1139099 129.5 9.4426e-09 1.0181e-08
1139100 130.0 9.0509e-09 9.8383e-09
1139101 130.5 8.681e-09 9.408e-09
1139102 131.0 8.3315e-09 9.0955e-09
1139103 131.5 8.001e-09 8.7853e-09
1139104 132.0 7.6883e-09 8.3869e-09
1139105 132.5 7.392e-09 8.0118e-09
1139106 133.0 7.1112e-09 7.5687e-09
1139107 133.5 6.8449e-09 7.258e-09
1139108 134.0 6.5921e-09 7.1846e-09
1139109 134.5 6.3521e-09 6.7964e-09
1139110 135.0 6.1239e-09 6.7093e-09
1139111 135.5 5.9069e-09 6.5315e-09
1139112 136.0 5.7004e-09 6.2703e-09
1139113 136.5 5.5037e-09 5.9257e-09
1139114 137.0 5.3163e-09 5.7052e-09
1139115 137.5 5.1377e-09 5.4759e-09
1139116 138.0 4.9673e-09 5.3627e-09
1139117 138.5 4.8046e-09 5.3628e-09
1139118 139.0 4.6493e-09 5.224e-09
1139119 139.5 4.5009e-09 5.0152e-09
1139120 140.0 4.3589e-09 4.966e-09
1139121 140.5 4.2232e-09 4.7423e-09
1139122 141.0 4.0932e-09 4.681e-09
1139123 141.5 3.9688e-09 4.522e-09
1139124 142.0 3.8496e-09 4.5069e-09
1139125 142.5 3.7353e-09 4.305e-09
1139126 143.0 3.6258e-09 4.0778e-09
1139127 143.5 3.5206e-09 3.8938e-09
1139128 144.0 3.4197e-09 3.7697e-09
1139129 144.5 3.3228e-09 3.6899e-09
1139130 145.0 3.2297e-09 3.4904e-09
1139131 145.5 3.1402e-09 3.3485e-09
1139132 146.0 3.0542e-09 3.2498e-09
1139133 146.5 2.9714e-09 3.1481e-09
1139134 147.0 2.8918e-09 3.0181e-09
1139135 147.5 2.8151e-09 2.9612e-09
1139136 148.0 2.7412e-09 2.9286e-09
1139137 148.5 2.67e-09 2.9121e-09
1139138 149.0 2.6014e-09 2.9048e-09
1139139 149.5 2.5352e-09 2.775e-09
1139140 150.0 2.4714e-09 2.7001e-09
1139141 150.5 2.4098e-09 2.6459e-09
1139142 151.0 2.3504e-09 2.5684e-09
1139143 151.5 2.293e-09 2.5588e-09
1139144 152.0 2.2375e-09 2.5388e-09
1139145 152.5 2.1839e-09 2.465e-09
1139146 153.0 2.1321e-09 2.4003e-09
1139147 153.5 2.082e-09 2.2928e-09
1139148 154.0 2.0335e-09 2.1715e-09
1139149 154.5 1.9866e-09 2.1394e-09
1139150 155.0 1.9413e-09 2.087e-09
1139151 155.5 1.8973e-09 2.0594e-09
1139152 156.0 1.8547e-09 1.9813e-09
1139153 156.5 1.8135e-09 1.8911e-09
1139154 157.0 1.7735e-09 1.8054e-09
1139155 157.5 1.7348e-09 1.7913e-09
1139156 158.0 1.6972e-09 1.7511e-09
1139157 158.5 1.6608e-09 1.7521e-09
1139158 159.0 1.6255e-09 1.653e-09
1139159 159.5 1.5911e-09 1.5554e-09
1139160 160.0 1.5578e-09 1.58e-09
1139161 160.5 1.5255e-09 1.5558e-09
1139162 161.0 1.4941e-09 1.5389e-09
1139163 161.5 1.4636e-09 1.4646e-09
1139164 162.0 1.434e-09 1.4631e-09
1139165 162.5 1.4051e-09 1.4439e-09
1139166 163.0 1.3771e-09 1.3828e-09
1139167 163.5 1.3499e-09 1.3349e-09
1139168 164.0 1.3234e-09 1.3026e-09
1139169 164.5 1.2976e-09 1.2883e-09
1139170 165.0 1.2725e-09 1.2757e-09
1139171 165.5 1.2481e-09 1.2391e-09
1139172 166.0 1.2243e-09 1.2027e-09
1139173 166.5 1.2012e-09 1.198e-09
1139174 167.0 1.1786e-09 1.1778e-09
1139175 167.5 1.1567e-09 1.1455e-09
1139176 168.0 1.1353e-09 1.0937e-09
1139177 168.5 1.1144e-09 1.0844e-09
1139178 169.0 1.0941e-09 1.0527e-09
1139179 169.5 1.0743e-09 1.0219e-09
1139180 170.0 1.055e-09 1.0182e-09
1139181 170.5 1.0361e-09 9.8694e-10
1139182 171.0 1.0177e-09 9.7451e-10
1139183 171.5 9.9978e-10 9.6595e-10
1139184 172.0 9.8227e-10 9.9281e-10
1139185 172.5 9.6518e-10 9.4679e-10
1139186 173.0 9.485e-10 9.3348e-10
1139187 173.5 9.3221e-10 9.33e-10
1139188 174.0 9.163e-10 9.2414e-10
1139189 174.5 9.0076e-10 9.0727e-10
1139190 175.0 8.8558e-10 8.7908e-10
1139191 175.5 8.7075e-10 8.5305e-10
1139192 176.0 8.5626e-10 8.3898e-10
1139193 176.5 8.4209e-10 8.3552e-10
1139194 177.0 8.2824e-10 8.4444e-10
1139195 177.5 8.1471e-10 8.2813e-10
1139196 178.0 8.0147e-10 7.8249e-10
1139197 178.5 7.8852e-10 7.885e-10
1139198 179.0 7.7586e-10 7.9676e-10
1139199 179.5 7.6347e-10 7.7867e-10
1139200 180.0 7.5134e-10 7.5911e-10
1139201 180.5 7.3948e-10 7.6306e-10
1139202 181.0 7.2787e-10 7.2808e-10
1139203 181.5 7.1651e-10 7.2348e-10
1139204 182.0 7.0539e-10 7.3335e-10
1139205 182.5 6.945e-10 7.2162e-10
1139206 183.0 6.8383e-10 7.1802e-10
1139207 183.5 6.7339e-10 7.1452e-10
1139208 184.0 6.6315e-10 6.9356e-10
1139209 184.5 6.5313e-10 6.7889e-10
1139210 185.0 6.4331e-10 6.4945e-10
1139211 185.5 6.3369e-10 6.4581e-10
1139212 186.0 6.2426e-10 6.5597e-10
1139213 186.5 6.1502e-10 6.4392e-10
1139214 187.0 6.0596e-10 6.3146e-10
1139215 187.5 5.9708e-10 6.0819e-10
1139216 188.0 5.8838e-10 6.0615e-10
1139217 188.5 5.7984e-10 6.0845e-10
1139218 189.0 5.7147e-10 6.1533e-10
1139219 189.5 5.6326e-10 6.0542e-10
1139220 190.0 5.5521e-10 5.9172e-10
1139221 190.5 5.473e-10 5.6442e-10
1139222 191.0 5.3955e-10 5.6188e-10
1139223 191.5 5.3195e-10 5.5162e-10
1139224 192.0 5.2448e-10 5.306e-10
1139225 192.5 5.1716e-10 5.3382e-10
1139226 193.0 5.0997e-10 5.2123e-10
1139227 193.5 5.0292e-10 5.1179e-10
1139228 194.0 4.9599e-10 5.0786e-10
1139229 194.5 4.8919e-10 5.2093e-10
1139230 195.0 4.8251e-10 5.0974e-10
1139231 195.5 4.7595e-10 5.0229e-10
1139232 196.0 4.6951e-10 4.9519e-10
1139233 196.5 4.6319e-10 4.7501e-10
1139234 197.0 4.5697e-10 4.7363e-10
1139235 197.5 4.5087e-10 4.6773e-10
1139236 198.0 4.4487e-10 4.6271e-10
1139237 198.5 4.3898e-10 4.5816e-10
1139238 199.0 4.3319e-10 4.5844e-10
1139239 199.5 4.275e-10 4.4689e-10
1139240 200.0 4.2191e-10 4.3873e-10
