 Hgtkm DensMean DensPert
1146058 0.0 1.1656 1.1357
1146059 0.5 1.1117 1.0782
1146060 1.0 1.06 1.0322
1146061 1.5 1.0101 1.0051
1146062 2.0 0.96405 0.95477
1146063 2.5 0.91875 0.90585
1146064 3.0 0.87485 0.86407
1146065 3.5 0.83389 0.83038
1146066 4.0 0.79521 0.79658
1146067 4.5 0.75791 0.76394
1146068 5.0 0.72062 0.72657
1146069 5.5 0.68516 0.69154
1146070 6.0 0.65099 0.65873
1146071 6.5 0.61753 0.62584
1146072 7.0 0.5858 0.59261
1146073 7.5 0.5557 0.56292
1146074 8.0 0.52637 0.53387
1146075 8.5 0.49854 0.50481
1146076 9.0 0.47219 0.4791
1146077 9.5 0.44723 0.45545
1146078 10.0 0.42223 0.42943
1146079 10.5 0.39833 0.4049
1146080 11.0 0.37498 0.38271
1146081 11.5 0.35148 0.3601
1146082 12.0 0.32946 0.33846
1146083 12.5 0.30821 0.31611
1146084 13.0 0.2875 0.29564
1146085 13.5 0.26819 0.27458
1146086 14.0 0.25018 0.25636
1146087 14.5 0.23224 0.23887
1146088 15.0 0.21522 0.22132
1146089 15.5 0.19945 0.20261
1146090 16.0 0.18484 0.18858
1146091 16.5 0.1713 0.17281
1146092 17.0 0.15766 0.15862
1146093 17.5 0.14477 0.14634
1146094 18.0 0.13294 0.13589
1146095 18.5 0.12208 0.12371
1146096 19.0 0.11216 0.11183
1146097 19.5 0.10313 0.10366
1146098 20.0 0.09483 0.094867
1146099 20.5 0.087198 0.088344
1146100 21.0 0.080207 0.080974
1146101 21.5 0.073926 0.073972
1146102 22.0 0.068138 0.068217
1146103 22.5 0.062804 0.062769
1146104 23.0 0.057888 0.057681
1146105 23.5 0.053357 0.053032
1146106 24.0 0.049182 0.049031
1146107 24.5 0.045387 0.045125
1146108 25.0 0.041919 0.04185
1146109 25.5 0.038717 0.038373
1146110 26.0 0.035759 0.035664
1146111 26.5 0.033028 0.03296
1146112 27.0 0.030517 0.030372
1146113 27.5 0.028214 0.027938
1146114 28.0 0.02607 0.025711
1146115 28.5 0.024079 0.023834
1146116 29.0 0.022235 0.021951
1146117 29.5 0.020534 0.020075
1146118 30.0 0.018972 0.018607
1146119 30.5 0.017528 0.017093
1146120 31.0 0.016206 0.015909
1146121 31.5 0.014997 0.014754
1146122 32.0 0.013887 0.013639
1146123 32.5 0.012864 0.012598
1146124 33.0 0.01192 0.011702
1146125 33.5 0.011049 0.01077
1146126 34.0 0.010245 0.01002
1146127 34.5 0.0095026 0.009285
1146128 35.0 0.0088171 0.0086321
1146129 35.5 0.0081759 0.0079692
1146130 36.0 0.0075843 0.007435
1146131 36.5 0.0070383 0.0068289
1146132 37.0 0.0065342 0.0063949
1146133 37.5 0.0060686 0.0059678
1146134 38.0 0.0056384 0.0054744
1146135 38.5 0.0052406 0.0051375
1146136 39.0 0.0048728 0.0047147
1146137 39.5 0.0045324 0.0044401
1146138 40.0 0.0042174 0.0041538
1146139 40.5 0.0039312 0.0038474
1146140 41.0 0.0036655 0.0036063
1146141 41.5 0.0034187 0.0033649
1146142 42.0 0.0031894 0.0031701
1146143 42.5 0.0029763 0.0029353
1146144 43.0 0.0027781 0.0027466
1146145 43.5 0.0025939 0.0026186
1146146 44.0 0.0024226 0.0024843
1146147 44.5 0.0022632 0.0023202
1146148 45.0 0.0021148 0.0021456
1146149 45.5 0.001983 0.0020048
1146150 46.0 0.0018594 0.0018628
1146151 46.5 0.0017437 0.0017297
1146152 47.0 0.0016352 0.0015734
1146153 47.5 0.0015336 0.0014658
1146154 48.0 0.0014384 0.0013758
1146155 48.5 0.0013491 0.0012575
1146156 49.0 0.0012654 0.0011791
1146157 49.5 0.001187 0.0011056
1146158 50.0 0.0011135 0.0010298
1146159 50.5 0.0010487 0.00097796
1146160 51.0 0.00098743 0.00091817
1146161 51.5 0.00092954 0.00087873
1146162 52.0 0.00087485 0.00084076
1146163 52.5 0.00082321 0.00079177
1146164 53.0 0.00077443 0.00075095
1146165 53.5 0.00072839 0.0007063
1146166 54.0 0.00068493 0.00067891
1146167 54.5 0.00064391 0.00064465
1146168 55.0 0.00060522 0.00062361
1146169 55.5 0.00056946 0.00057882
1146170 56.0 0.00053563 0.00053923
1146171 56.5 0.00050363 0.00051511
1146172 57.0 0.00047338 0.00047765
1146173 57.5 0.0004448 0.00045176
1146174 58.0 0.00041778 0.00042418
1146175 58.5 0.00039227 0.00039737
1146176 59.0 0.00036818 0.00037715
1146177 59.5 0.00034544 0.00035486
1146178 60.0 0.00032399 0.00034133
1146179 60.5 0.00030372 0.00032327
1146180 61.0 0.00028463 0.00030998
1146181 61.5 0.00026664 0.00028491
1146182 62.0 0.00024971 0.00026566
1146183 62.5 0.00023377 0.00024927
1146184 63.0 0.00021877 0.0002272
1146185 63.5 0.00020467 0.00021244
1146186 64.0 0.0001914 0.00019745
1146187 64.5 0.00017893 0.00018208
1146188 65.0 0.00016721 0.00017002
1146189 65.5 0.0001562 0.00016035
1146190 66.0 0.00014585 0.00015032
1146191 66.5 0.00013614 0.00013792
1146192 67.0 0.00012702 0.00012817
1146193 67.5 0.00011847 0.00012074
1146194 68.0 0.00011044 0.00011582
1146195 68.5 0.00010291 0.0001058
1146196 69.0 9.586e-05 0.0001019
1146197 69.5 8.9252e-05 9.7283e-05
1146198 70.0 8.3063e-05 9.0697e-05
1146199 70.5 7.7163e-05 8.3208e-05
1146200 71.0 7.1662e-05 7.7594e-05
1146201 71.5 6.6533e-05 7.2647e-05
1146202 72.0 6.1754e-05 6.4945e-05
1146203 72.5 5.73e-05 6.1847e-05
1146204 73.0 5.3152e-05 5.7549e-05
1146205 73.5 4.929e-05 5.2843e-05
1146206 74.0 4.5694e-05 4.9225e-05
1146207 74.5 4.2348e-05 4.571e-05
1146208 75.0 3.9234e-05 4.2272e-05
1146209 75.5 3.6322e-05 3.9592e-05
1146210 76.0 3.362e-05 3.6515e-05
1146211 76.5 3.1114e-05 3.3516e-05
1146212 77.0 2.879e-05 3.0343e-05
1146213 77.5 2.6635e-05 2.8279e-05
1146214 78.0 2.4638e-05 2.6464e-05
1146215 78.5 2.2786e-05 2.3692e-05
1146216 79.0 2.107e-05 2.1859e-05
1146217 79.5 1.948e-05 2.0024e-05
1146218 80.0 1.8007e-05 1.8521e-05
1146219 80.5 1.6666e-05 1.6915e-05
1146220 81.0 1.5421e-05 1.5463e-05
1146221 81.5 1.4266e-05 1.4263e-05
1146222 82.0 1.3195e-05 1.3266e-05
1146223 82.5 1.2201e-05 1.248e-05
1146224 83.0 1.1279e-05 1.1731e-05
1146225 83.5 1.0424e-05 1.0751e-05
1146226 84.0 9.6315e-06 1.0237e-05
1146227 84.5 8.8972e-06 9.5098e-06
1146228 85.0 8.2168e-06 8.7092e-06
1146229 85.5 7.5691e-06 8.075e-06
1146230 86.0 6.9703e-06 7.2058e-06
1146231 86.5 6.4168e-06 6.2593e-06
1146232 87.0 5.9053e-06 5.9576e-06
1146233 87.5 5.4329e-06 5.6898e-06
1146234 88.0 4.9967e-06 5.2817e-06
1146235 88.5 4.5939e-06 4.9452e-06
1146236 89.0 4.2223e-06 4.5466e-06
1146237 89.5 3.8794e-06 4.1621e-06
1146238 90.0 3.5632e-06 3.9523e-06
1146239 90.5 3.2661e-06 3.572e-06
1146240 91.0 2.9921e-06 3.3919e-06
1146241 91.5 2.7394e-06 3.1233e-06
1146242 92.0 2.5064e-06 2.821e-06
1146243 92.5 2.2918e-06 2.5779e-06
1146244 93.0 2.0942e-06 2.4146e-06
1146245 93.5 1.9124e-06 2.1406e-06
1146246 94.0 1.7451e-06 1.9445e-06
1146247 94.5 1.5915e-06 1.8488e-06
1146248 95.0 1.4504e-06 1.6041e-06
1146249 95.5 1.3156e-06 1.5021e-06
1146250 96.0 1.1938e-06 1.3127e-06
1146251 96.5 1.0837e-06 1.1624e-06
1146252 97.0 9.8411e-07 1.0476e-06
1146253 97.5 8.94e-07 8.7925e-07
1146254 98.0 8.1243e-07 8.1989e-07
1146255 98.5 7.3857e-07 7.5745e-07
1146256 99.0 6.7167e-07 6.8374e-07
1146257 99.5 6.1105e-07 5.7678e-07
1146258 100.0 5.5611e-07 5.6018e-07
1146259 100.5 5.0368e-07 4.9939e-07
1146260 101.0 4.5678e-07 4.4132e-07
1146261 101.5 4.1476e-07 3.8277e-07
1146262 102.0 3.7705e-07 3.5297e-07
1146263 102.5 3.4316e-07 3.2892e-07
1146264 103.0 3.1267e-07 2.8354e-07
1146265 103.5 2.852e-07 2.6399e-07
1146266 104.0 2.6042e-07 2.3705e-07
1146267 104.5 2.3804e-07 2.058e-07
1146268 105.0 2.1782e-07 1.9798e-07
1146269 105.5 1.9878e-07 1.8841e-07
1146270 106.0 1.8174e-07 1.7888e-07
1146271 106.5 1.6645e-07 1.6745e-07
1146272 107.0 1.5269e-07 1.5303e-07
1146273 107.5 1.4029e-07 1.4295e-07
1146274 108.0 1.2908e-07 1.2902e-07
1146275 108.5 1.1894e-07 1.2131e-07
1146276 109.0 1.0974e-07 1.2114e-07
1146277 109.5 1.0139e-07 1.1142e-07
1146278 110.0 9.3782e-08 1.0511e-07
1146279 110.5 8.6689e-08 9.9938e-08
1146280 111.0 8.027e-08 9.214e-08
1146281 111.5 7.4446e-08 8.5109e-08
1146282 112.0 6.9146e-08 7.893e-08
1146283 112.5 6.4312e-08 7.4521e-08
1146284 113.0 5.9892e-08 6.6293e-08
1146285 113.5 5.5844e-08 5.8354e-08
1146286 114.0 5.2129e-08 5.418e-08
1146287 114.5 4.8712e-08 4.8355e-08
1146288 115.0 4.5565e-08 4.6038e-08
1146289 115.5 4.2658e-08 4.2267e-08
1146290 116.0 3.9975e-08 4.0069e-08
1146291 116.5 3.7495e-08 3.8077e-08
1146292 117.0 3.5199e-08 3.7079e-08
1146293 117.5 3.307e-08 3.4105e-08
1146294 118.0 3.1094e-08 3.1177e-08
1146295 118.5 2.9258e-08 2.9594e-08
1146296 119.0 2.755e-08 2.7641e-08
1146297 119.5 2.5959e-08 2.6112e-08
1146298 120.0 2.4476e-08 2.447e-08
1146299 120.5 2.3096e-08 2.2831e-08
1146300 121.0 2.1815e-08 2.123e-08
1146301 121.5 2.0624e-08 2.0428e-08
1146302 122.0 1.9516e-08 1.9482e-08
1146303 122.5 1.8484e-08 1.8477e-08
1146304 123.0 1.7523e-08 1.7472e-08
1146305 123.5 1.6627e-08 1.633e-08
1146306 124.0 1.579e-08 1.6097e-08
1146307 124.5 1.5009e-08 1.5486e-08
1146308 125.0 1.4278e-08 1.4594e-08
1146309 125.5 1.3595e-08 1.4406e-08
1146310 126.0 1.2955e-08 1.3633e-08
1146311 126.5 1.2355e-08 1.3223e-08
1146312 127.0 1.1792e-08 1.2769e-08
1146313 127.5 1.1263e-08 1.216e-08
1146314 128.0 1.0766e-08 1.1825e-08
1146315 128.5 1.0298e-08 1.1242e-08
1146316 129.0 9.8578e-09 1.0679e-08
1146317 129.5 9.4426e-09 1.022e-08
1146318 130.0 9.0509e-09 9.7338e-09
1146319 130.5 8.681e-09 9.2287e-09
1146320 131.0 8.3315e-09 8.9535e-09
1146321 131.5 8.001e-09 8.9735e-09
1146322 132.0 7.6883e-09 8.6243e-09
1146323 132.5 7.392e-09 8.0546e-09
1146324 133.0 7.1112e-09 7.8352e-09
1146325 133.5 6.8449e-09 7.3684e-09
1146326 134.0 6.5921e-09 7.2194e-09
1146327 134.5 6.3521e-09 6.9709e-09
1146328 135.0 6.1239e-09 6.8506e-09
1146329 135.5 5.9069e-09 6.5511e-09
1146330 136.0 5.7004e-09 6.4187e-09
1146331 136.5 5.5037e-09 6.138e-09
1146332 137.0 5.3163e-09 5.9509e-09
1146333 137.5 5.1377e-09 5.5515e-09
1146334 138.0 4.9673e-09 5.3329e-09
1146335 138.5 4.8046e-09 5.1534e-09
1146336 139.0 4.6493e-09 4.9633e-09
1146337 139.5 4.5009e-09 4.6481e-09
1146338 140.0 4.3589e-09 4.5662e-09
1146339 140.5 4.2232e-09 4.3971e-09
1146340 141.0 4.0932e-09 4.2865e-09
1146341 141.5 3.9688e-09 4.2375e-09
1146342 142.0 3.8496e-09 4.0151e-09
1146343 142.5 3.7353e-09 3.9106e-09
1146344 143.0 3.6258e-09 3.8004e-09
1146345 143.5 3.5206e-09 3.5296e-09
1146346 144.0 3.4197e-09 3.3837e-09
1146347 144.5 3.3228e-09 3.3441e-09
1146348 145.0 3.2297e-09 3.2669e-09
1146349 145.5 3.1402e-09 3.2086e-09
1146350 146.0 3.0542e-09 3.0844e-09
1146351 146.5 2.9714e-09 2.8887e-09
1146352 147.0 2.8918e-09 2.886e-09
1146353 147.5 2.8151e-09 2.8637e-09
1146354 148.0 2.7412e-09 2.8168e-09
1146355 148.5 2.67e-09 2.7515e-09
1146356 149.0 2.6014e-09 2.7256e-09
1146357 149.5 2.5352e-09 2.6173e-09
1146358 150.0 2.4714e-09 2.5777e-09
1146359 150.5 2.4098e-09 2.4244e-09
1146360 151.0 2.3504e-09 2.3899e-09
1146361 151.5 2.293e-09 2.4121e-09
1146362 152.0 2.2375e-09 2.4082e-09
1146363 152.5 2.1839e-09 2.3194e-09
1146364 153.0 2.1321e-09 2.2454e-09
1146365 153.5 2.082e-09 2.1888e-09
1146366 154.0 2.0335e-09 2.1354e-09
1146367 154.5 1.9866e-09 2.0584e-09
1146368 155.0 1.9413e-09 2.0043e-09
1146369 155.5 1.8973e-09 1.9655e-09
1146370 156.0 1.8547e-09 1.9925e-09
1146371 156.5 1.8135e-09 1.9793e-09
1146372 157.0 1.7735e-09 1.9501e-09
1146373 157.5 1.7348e-09 1.948e-09
1146374 158.0 1.6972e-09 1.8957e-09
1146375 158.5 1.6608e-09 1.8249e-09
1146376 159.0 1.6255e-09 1.748e-09
1146377 159.5 1.5911e-09 1.6821e-09
1146378 160.0 1.5578e-09 1.6518e-09
1146379 160.5 1.5255e-09 1.6285e-09
1146380 161.0 1.4941e-09 1.6392e-09
1146381 161.5 1.4636e-09 1.5945e-09
1146382 162.0 1.434e-09 1.5638e-09
1146383 162.5 1.4051e-09 1.493e-09
1146384 163.0 1.3771e-09 1.42e-09
1146385 163.5 1.3499e-09 1.3879e-09
1146386 164.0 1.3234e-09 1.347e-09
1146387 164.5 1.2976e-09 1.3211e-09
1146388 165.0 1.2725e-09 1.2906e-09
1146389 165.5 1.2481e-09 1.2673e-09
1146390 166.0 1.2243e-09 1.2455e-09
1146391 166.5 1.2012e-09 1.2433e-09
1146392 167.0 1.1786e-09 1.2226e-09
1146393 167.5 1.1567e-09 1.1802e-09
1146394 168.0 1.1353e-09 1.1261e-09
1146395 168.5 1.1144e-09 1.0948e-09
1146396 169.0 1.0941e-09 1.0755e-09
1146397 169.5 1.0743e-09 1.0429e-09
1146398 170.0 1.055e-09 1.0431e-09
1146399 170.5 1.0361e-09 1.0398e-09
1146400 171.0 1.0177e-09 1.0182e-09
1146401 171.5 9.9978e-10 1.0109e-09
1146402 172.0 9.8227e-10 9.786e-10
1146403 172.5 9.6518e-10 9.6609e-10
1146404 173.0 9.485e-10 9.6636e-10
1146405 173.5 9.3221e-10 9.5955e-10
1146406 174.0 9.163e-10 9.4903e-10
1146407 174.5 9.0076e-10 9.1976e-10
1146408 175.0 8.8558e-10 8.8945e-10
1146409 175.5 8.7075e-10 8.6386e-10
1146410 176.0 8.5626e-10 8.2564e-10
1146411 176.5 8.4209e-10 8.0925e-10
1146412 177.0 8.2824e-10 8.0385e-10
1146413 177.5 8.1471e-10 7.7613e-10
1146414 178.0 8.0147e-10 7.7948e-10
1146415 178.5 7.8852e-10 7.7794e-10
1146416 179.0 7.7586e-10 7.4063e-10
1146417 179.5 7.6347e-10 7.553e-10
1146418 180.0 7.5134e-10 7.5095e-10
1146419 180.5 7.3948e-10 7.3333e-10
1146420 181.0 7.2787e-10 7.3544e-10
1146421 181.5 7.1651e-10 7.1289e-10
1146422 182.0 7.0539e-10 7.0376e-10
1146423 182.5 6.945e-10 6.7856e-10
1146424 183.0 6.8383e-10 6.6106e-10
1146425 183.5 6.7339e-10 6.3039e-10
1146426 184.0 6.6315e-10 6.0503e-10
1146427 184.5 6.5313e-10 6.2337e-10
1146428 185.0 6.4331e-10 6.293e-10
1146429 185.5 6.3369e-10 6.1192e-10
1146430 186.0 6.2426e-10 6.1083e-10
1146431 186.5 6.1502e-10 5.8175e-10
1146432 187.0 6.0596e-10 5.6224e-10
1146433 187.5 5.9708e-10 5.7738e-10
1146434 188.0 5.8838e-10 5.5775e-10
1146435 188.5 5.7984e-10 5.3622e-10
1146436 189.0 5.7147e-10 5.3088e-10
1146437 189.5 5.6326e-10 5.3899e-10
1146438 190.0 5.5521e-10 5.2269e-10
1146439 190.5 5.473e-10 5.2672e-10
1146440 191.0 5.3955e-10 5.2454e-10
1146441 191.5 5.3195e-10 5.1494e-10
1146442 192.0 5.2448e-10 5.1789e-10
1146443 192.5 5.1716e-10 5.0794e-10
1146444 193.0 5.0997e-10 5.1045e-10
1146445 193.5 5.0292e-10 4.9528e-10
1146446 194.0 4.9599e-10 4.8886e-10
1146447 194.5 4.8919e-10 4.8521e-10
1146448 195.0 4.8251e-10 4.7962e-10
1146449 195.5 4.7595e-10 4.7541e-10
1146450 196.0 4.6951e-10 4.7989e-10
1146451 196.5 4.6319e-10 4.6786e-10
1146452 197.0 4.5697e-10 4.6047e-10
1146453 197.5 4.5087e-10 4.5989e-10
1146454 198.0 4.4487e-10 4.5467e-10
1146455 198.5 4.3898e-10 4.5075e-10
1146456 199.0 4.3319e-10 4.56e-10
1146457 199.5 4.275e-10 4.4796e-10
1146458 200.0 4.2191e-10 4.3854e-10
