 Hgtkm DensMean DensPert
1169717 0.0 1.1656 1.1455
1169718 0.5 1.1117 1.1017
1169719 1.0 1.06 1.0552
1169720 1.5 1.0101 1.0053
1169721 2.0 0.96405 0.95119
1169722 2.5 0.91875 0.90361
1169723 3.0 0.87485 0.87073
1169724 3.5 0.83389 0.83562
1169725 4.0 0.79521 0.79741
1169726 4.5 0.75791 0.7582
1169727 5.0 0.72062 0.72311
1169728 5.5 0.68516 0.68845
1169729 6.0 0.65099 0.65707
1169730 6.5 0.61753 0.62382
1169731 7.0 0.5858 0.59147
1169732 7.5 0.5557 0.56248
1169733 8.0 0.52637 0.53128
1169734 8.5 0.49854 0.50438
1169735 9.0 0.47219 0.47766
1169736 9.5 0.44723 0.45247
1169737 10.0 0.42223 0.42732
1169738 10.5 0.39833 0.40272
1169739 11.0 0.37498 0.37812
1169740 11.5 0.35148 0.35413
1169741 12.0 0.32946 0.33248
1169742 12.5 0.30821 0.31101
1169743 13.0 0.2875 0.29006
1169744 13.5 0.26819 0.27195
1169745 14.0 0.25018 0.25208
1169746 14.5 0.23224 0.23584
1169747 15.0 0.21522 0.2178
1169748 15.5 0.19945 0.1998
1169749 16.0 0.18484 0.1857
1169750 16.5 0.1713 0.17396
1169751 17.0 0.15766 0.15918
1169752 17.5 0.14477 0.14665
1169753 18.0 0.13294 0.1353
1169754 18.5 0.12208 0.12275
1169755 19.0 0.11216 0.11234
1169756 19.5 0.10313 0.10337
1169757 20.0 0.09483 0.095151
1169758 20.5 0.087198 0.087231
1169759 21.0 0.080207 0.080009
1169760 21.5 0.073926 0.073702
1169761 22.0 0.068138 0.068433
1169762 22.5 0.062804 0.0629
1169763 23.0 0.057888 0.058196
1169764 23.5 0.053357 0.053402
1169765 24.0 0.049182 0.049223
1169766 24.5 0.045387 0.045214
1169767 25.0 0.041919 0.041826
1169768 25.5 0.038717 0.038595
1169769 26.0 0.035759 0.03559
1169770 26.5 0.033028 0.032985
1169771 27.0 0.030517 0.030451
1169772 27.5 0.028214 0.027992
1169773 28.0 0.02607 0.02592
1169774 28.5 0.024079 0.024055
1169775 29.0 0.022235 0.022156
1169776 29.5 0.020534 0.020436
1169777 30.0 0.018972 0.018927
1169778 30.5 0.017528 0.017505
1169779 31.0 0.016206 0.016044
1169780 31.5 0.014997 0.014704
1169781 32.0 0.013887 0.013645
1169782 32.5 0.012864 0.0126
1169783 33.0 0.01192 0.011719
1169784 33.5 0.011049 0.010866
1169785 34.0 0.010245 0.01006
1169786 34.5 0.0095026 0.0093293
1169787 35.0 0.0088171 0.0086316
1169788 35.5 0.0081759 0.007986
1169789 36.0 0.0075843 0.0073186
1169790 36.5 0.0070383 0.0067689
1169791 37.0 0.0065342 0.0062957
1169792 37.5 0.0060686 0.0059215
1169793 38.0 0.0056384 0.0054382
1169794 38.5 0.0052406 0.0051163
1169795 39.0 0.0048728 0.0047385
1169796 39.5 0.0045324 0.0044388
1169797 40.0 0.0042174 0.0041561
1169798 40.5 0.0039312 0.0039091
1169799 41.0 0.0036655 0.0036288
1169800 41.5 0.0034187 0.0033461
1169801 42.0 0.0031894 0.003128
1169802 42.5 0.0029763 0.0029327
1169803 43.0 0.0027781 0.0027465
1169804 43.5 0.0025939 0.0026108
1169805 44.0 0.0024226 0.0024047
1169806 44.5 0.0022632 0.0022264
1169807 45.0 0.0021148 0.0020826
1169808 45.5 0.001983 0.0019506
1169809 46.0 0.0018594 0.0018503
1169810 46.5 0.0017437 0.0017467
1169811 47.0 0.0016352 0.0016412
1169812 47.5 0.0015336 0.0015201
1169813 48.0 0.0014384 0.0014104
1169814 48.5 0.0013491 0.0013486
1169815 49.0 0.0012654 0.0012639
1169816 49.5 0.001187 0.0011723
1169817 50.0 0.0011135 0.0011036
1169818 50.5 0.0010487 0.0010381
1169819 51.0 0.00098743 0.00098682
1169820 51.5 0.00092954 0.00092693
1169821 52.0 0.00087485 0.00085143
1169822 52.5 0.00082321 0.00079726
1169823 53.0 0.00077443 0.00074772
1169824 53.5 0.00072839 0.0006915
1169825 54.0 0.00068493 0.0006507
1169826 54.5 0.00064391 0.00061354
1169827 55.0 0.00060522 0.000591
1169828 55.5 0.00056946 0.00055213
1169829 56.0 0.00053563 0.00052226
1169830 56.5 0.00050363 0.00050129
1169831 57.0 0.00047338 0.00048627
1169832 57.5 0.0004448 0.00046032
1169833 58.0 0.00041778 0.00042418
1169834 58.5 0.00039227 0.00040206
1169835 59.0 0.00036818 0.00037009
1169836 59.5 0.00034544 0.00034214
1169837 60.0 0.00032399 0.00032627
1169838 60.5 0.00030372 0.00030828
1169839 61.0 0.00028463 0.00028778
1169840 61.5 0.00026664 0.0002655
1169841 62.0 0.00024971 0.00024925
1169842 62.5 0.00023377 0.00023843
1169843 63.0 0.00021877 0.00022331
1169844 63.5 0.00020467 0.00021245
1169845 64.0 0.0001914 0.00019905
1169846 64.5 0.00017893 0.00019438
1169847 65.0 0.00016721 0.00018039
1169848 65.5 0.0001562 0.00016614
1169849 66.0 0.00014585 0.00015333
1169850 66.5 0.00013614 0.00014372
1169851 67.0 0.00012702 0.00013266
1169852 67.5 0.00011847 0.00012399
1169853 68.0 0.00011044 0.00011614
1169854 68.5 0.00010291 0.00010697
1169855 69.0 9.586e-05 0.00010359
1169856 69.5 8.9252e-05 9.5562e-05
1169857 70.0 8.3063e-05 8.9213e-05
1169858 70.5 7.7163e-05 8.2302e-05
1169859 71.0 7.1662e-05 7.6678e-05
1169860 71.5 6.6533e-05 6.9977e-05
1169861 72.0 6.1754e-05 6.3674e-05
1169862 72.5 5.73e-05 5.958e-05
1169863 73.0 5.3152e-05 5.5016e-05
1169864 73.5 4.929e-05 5.1362e-05
1169865 74.0 4.5694e-05 4.7046e-05
1169866 74.5 4.2348e-05 4.3163e-05
1169867 75.0 3.9234e-05 4.0801e-05
1169868 75.5 3.6322e-05 3.73e-05
1169869 76.0 3.362e-05 3.4613e-05
1169870 76.5 3.1114e-05 3.1971e-05
1169871 77.0 2.879e-05 3.0661e-05
1169872 77.5 2.6635e-05 2.7964e-05
1169873 78.0 2.4638e-05 2.5844e-05
1169874 78.5 2.2786e-05 2.3816e-05
1169875 79.0 2.107e-05 2.185e-05
1169876 79.5 1.948e-05 2.0659e-05
1169877 80.0 1.8007e-05 1.8896e-05
1169878 80.5 1.6666e-05 1.699e-05
1169879 81.0 1.5421e-05 1.533e-05
1169880 81.5 1.4266e-05 1.4293e-05
1169881 82.0 1.3195e-05 1.3504e-05
1169882 82.5 1.2201e-05 1.2617e-05
1169883 83.0 1.1279e-05 1.1792e-05
1169884 83.5 1.0424e-05 1.0832e-05
1169885 84.0 9.6315e-06 9.7744e-06
1169886 84.5 8.8972e-06 9.1611e-06
1169887 85.0 8.2168e-06 8.3231e-06
1169888 85.5 7.5691e-06 7.8436e-06
1169889 86.0 6.9703e-06 7.2255e-06
1169890 86.5 6.4168e-06 6.6645e-06
1169891 87.0 5.9053e-06 6.1233e-06
1169892 87.5 5.4329e-06 5.5399e-06
1169893 88.0 4.9967e-06 5.1278e-06
1169894 88.5 4.5939e-06 4.7702e-06
1169895 89.0 4.2223e-06 4.4643e-06
1169896 89.5 3.8794e-06 4.1641e-06
1169897 90.0 3.5632e-06 3.8466e-06
1169898 90.5 3.2661e-06 3.4961e-06
1169899 91.0 2.9921e-06 3.0193e-06
1169900 91.5 2.7394e-06 2.6741e-06
1169901 92.0 2.5064e-06 2.4671e-06
1169902 92.5 2.2918e-06 2.2678e-06
1169903 93.0 2.0942e-06 1.9619e-06
1169904 93.5 1.9124e-06 1.7184e-06
1169905 94.0 1.7451e-06 1.6826e-06
1169906 94.5 1.5915e-06 1.4946e-06
1169907 95.0 1.4504e-06 1.3739e-06
1169908 95.5 1.3156e-06 1.2854e-06
1169909 96.0 1.1938e-06 1.1763e-06
1169910 96.5 1.0837e-06 1.0427e-06
1169911 97.0 9.8411e-07 9.7301e-07
1169912 97.5 8.94e-07 8.8174e-07
1169913 98.0 8.1243e-07 7.5621e-07
1169914 98.5 7.3857e-07 7.2529e-07
1169915 99.0 6.7167e-07 6.5231e-07
1169916 99.5 6.1105e-07 5.9227e-07
1169917 100.0 5.5611e-07 5.81e-07
1169918 100.5 5.0368e-07 5.4601e-07
1169919 101.0 4.5678e-07 5.2427e-07
1169920 101.5 4.1476e-07 5.0295e-07
1169921 102.0 3.7705e-07 4.6516e-07
1169922 102.5 3.4316e-07 4.1732e-07
1169923 103.0 3.1267e-07 3.6934e-07
1169924 103.5 2.852e-07 3.3973e-07
1169925 104.0 2.6042e-07 3.0979e-07
1169926 104.5 2.3804e-07 2.9607e-07
1169927 105.0 2.1782e-07 2.7427e-07
1169928 105.5 1.9878e-07 2.422e-07
1169929 106.0 1.8174e-07 2.0531e-07
1169930 106.5 1.6645e-07 1.8683e-07
1169931 107.0 1.5269e-07 1.641e-07
1169932 107.5 1.4029e-07 1.5051e-07
1169933 108.0 1.2908e-07 1.3763e-07
1169934 108.5 1.1894e-07 1.3611e-07
1169935 109.0 1.0974e-07 1.2228e-07
1169936 109.5 1.0139e-07 1.1331e-07
1169937 110.0 9.3782e-08 1.0347e-07
1169938 110.5 8.6689e-08 9.6763e-08
1169939 111.0 8.027e-08 8.6897e-08
1169940 111.5 7.4446e-08 8.4513e-08
1169941 112.0 6.9146e-08 7.991e-08
1169942 112.5 6.4312e-08 7.3888e-08
1169943 113.0 5.9892e-08 6.8225e-08
1169944 113.5 5.5844e-08 6.1986e-08
1169945 114.0 5.2129e-08 5.7632e-08
1169946 114.5 4.8712e-08 5.3272e-08
1169947 115.0 4.5565e-08 4.9083e-08
1169948 115.5 4.2658e-08 4.6421e-08
1169949 116.0 3.9975e-08 4.1592e-08
1169950 116.5 3.7495e-08 3.9514e-08
1169951 117.0 3.5199e-08 3.7507e-08
1169952 117.5 3.307e-08 3.4766e-08
1169953 118.0 3.1094e-08 3.3129e-08
1169954 118.5 2.9258e-08 3.1227e-08
1169955 119.0 2.755e-08 2.9937e-08
1169956 119.5 2.5959e-08 2.7704e-08
1169957 120.0 2.4476e-08 2.5006e-08
1169958 120.5 2.3096e-08 2.4064e-08
1169959 121.0 2.1815e-08 2.2435e-08
1169960 121.5 2.0624e-08 2.0326e-08
1169961 122.0 1.9516e-08 2.0461e-08
1169962 122.5 1.8484e-08 1.8983e-08
1169963 123.0 1.7523e-08 1.7888e-08
1169964 123.5 1.6627e-08 1.6724e-08
1169965 124.0 1.579e-08 1.6311e-08
1169966 124.5 1.5009e-08 1.5653e-08
1169967 125.0 1.4278e-08 1.4255e-08
1169968 125.5 1.3595e-08 1.3567e-08
1169969 126.0 1.2955e-08 1.3455e-08
1169970 126.5 1.2355e-08 1.2907e-08
1169971 127.0 1.1792e-08 1.2222e-08
1169972 127.5 1.1263e-08 1.1451e-08
1169973 128.0 1.0766e-08 1.0766e-08
1169974 128.5 1.0298e-08 1.0322e-08
1169975 129.0 9.8578e-09 9.9898e-09
1169976 129.5 9.4426e-09 9.5229e-09
1169977 130.0 9.0509e-09 9.2729e-09
1169978 130.5 8.681e-09 8.8758e-09
1169979 131.0 8.3315e-09 8.5725e-09
1169980 131.5 8.001e-09 8.2327e-09
1169981 132.0 7.6883e-09 7.908e-09
1169982 132.5 7.392e-09 7.5933e-09
1169983 133.0 7.1112e-09 7.1874e-09
1169984 133.5 6.8449e-09 6.9503e-09
1169985 134.0 6.5921e-09 6.4506e-09
1169986 134.5 6.3521e-09 6.0268e-09
1169987 135.0 6.1239e-09 5.7734e-09
1169988 135.5 5.9069e-09 5.4276e-09
1169989 136.0 5.7004e-09 5.4122e-09
1169990 136.5 5.5037e-09 5.2978e-09
1169991 137.0 5.3163e-09 5.0737e-09
1169992 137.5 5.1377e-09 4.7968e-09
1169993 138.0 4.9673e-09 4.953e-09
1169994 138.5 4.8046e-09 4.8201e-09
1169995 139.0 4.6493e-09 4.5549e-09
1169996 139.5 4.5009e-09 4.3973e-09
1169997 140.0 4.3589e-09 4.3147e-09
1169998 140.5 4.2232e-09 4.2314e-09
1169999 141.0 4.0932e-09 4.2137e-09
1170000 141.5 3.9688e-09 4.1706e-09
1170001 142.0 3.8496e-09 3.9623e-09
1170002 142.5 3.7353e-09 3.8909e-09
1170003 143.0 3.6258e-09 3.755e-09
1170004 143.5 3.5206e-09 3.5692e-09
1170005 144.0 3.4197e-09 3.3925e-09
1170006 144.5 3.3228e-09 3.3422e-09
1170007 145.0 3.2297e-09 3.1977e-09
1170008 145.5 3.1402e-09 3.2047e-09
1170009 146.0 3.0542e-09 3.1023e-09
1170010 146.5 2.9714e-09 2.9321e-09
1170011 147.0 2.8918e-09 2.8377e-09
1170012 147.5 2.8151e-09 2.782e-09
1170013 148.0 2.7412e-09 2.6563e-09
1170014 148.5 2.67e-09 2.6206e-09
1170015 149.0 2.6014e-09 2.5453e-09
1170016 149.5 2.5352e-09 2.5348e-09
1170017 150.0 2.4714e-09 2.5044e-09
1170018 150.5 2.4098e-09 2.4359e-09
1170019 151.0 2.3504e-09 2.3467e-09
1170020 151.5 2.293e-09 2.3025e-09
1170021 152.0 2.2375e-09 2.2324e-09
1170022 152.5 2.1839e-09 2.1667e-09
1170023 153.0 2.1321e-09 2.1217e-09
1170024 153.5 2.082e-09 2.0908e-09
1170025 154.0 2.0335e-09 2.0334e-09
1170026 154.5 1.9866e-09 1.9589e-09
1170027 155.0 1.9413e-09 1.8553e-09
1170028 155.5 1.8973e-09 1.7943e-09
1170029 156.0 1.8547e-09 1.7471e-09
1170030 156.5 1.8135e-09 1.7234e-09
1170031 157.0 1.7735e-09 1.6908e-09
1170032 157.5 1.7348e-09 1.7101e-09
1170033 158.0 1.6972e-09 1.7133e-09
1170034 158.5 1.6608e-09 1.6788e-09
1170035 159.0 1.6255e-09 1.6149e-09
1170036 159.5 1.5911e-09 1.6447e-09
1170037 160.0 1.5578e-09 1.579e-09
1170038 160.5 1.5255e-09 1.5733e-09
1170039 161.0 1.4941e-09 1.5432e-09
1170040 161.5 1.4636e-09 1.5289e-09
1170041 162.0 1.434e-09 1.4889e-09
1170042 162.5 1.4051e-09 1.4246e-09
1170043 163.0 1.3771e-09 1.3685e-09
1170044 163.5 1.3499e-09 1.3434e-09
1170045 164.0 1.3234e-09 1.2905e-09
1170046 164.5 1.2976e-09 1.2745e-09
1170047 165.0 1.2725e-09 1.2317e-09
1170048 165.5 1.2481e-09 1.2053e-09
1170049 166.0 1.2243e-09 1.1736e-09
1170050 166.5 1.2012e-09 1.1667e-09
1170051 167.0 1.1786e-09 1.1975e-09
1170052 167.5 1.1567e-09 1.1867e-09
1170053 168.0 1.1353e-09 1.1828e-09
1170054 168.5 1.1144e-09 1.1931e-09
1170055 169.0 1.0941e-09 1.1765e-09
1170056 169.5 1.0743e-09 1.1441e-09
1170057 170.0 1.055e-09 1.0825e-09
1170058 170.5 1.0361e-09 1.0937e-09
1170059 171.0 1.0177e-09 1.0451e-09
1170060 171.5 9.9978e-10 1.0451e-09
1170061 172.0 9.8227e-10 1.0191e-09
1170062 172.5 9.6518e-10 9.8435e-10
1170063 173.0 9.485e-10 9.7973e-10
1170064 173.5 9.3221e-10 9.3904e-10
1170065 174.0 9.163e-10 8.9729e-10
1170066 174.5 9.0076e-10 8.6317e-10
1170067 175.0 8.8558e-10 8.7038e-10
1170068 175.5 8.7075e-10 8.6449e-10
1170069 176.0 8.5626e-10 8.4371e-10
1170070 176.5 8.4209e-10 8.2301e-10
1170071 177.0 8.2824e-10 7.9001e-10
1170072 177.5 8.1471e-10 7.6708e-10
1170073 178.0 8.0147e-10 7.529e-10
1170074 178.5 7.8852e-10 7.4892e-10
1170075 179.0 7.7586e-10 7.4789e-10
1170076 179.5 7.6347e-10 7.5176e-10
1170077 180.0 7.5134e-10 7.4405e-10
1170078 180.5 7.3948e-10 7.271e-10
1170079 181.0 7.2787e-10 7.1134e-10
1170080 181.5 7.1651e-10 7.0442e-10
1170081 182.0 7.0539e-10 6.9827e-10
1170082 182.5 6.945e-10 6.9756e-10
1170083 183.0 6.8383e-10 6.8437e-10
1170084 183.5 6.7339e-10 6.7304e-10
1170085 184.0 6.6315e-10 6.7902e-10
1170086 184.5 6.5313e-10 6.8212e-10
1170087 185.0 6.4331e-10 6.5729e-10
1170088 185.5 6.3369e-10 6.3799e-10
1170089 186.0 6.2426e-10 6.3691e-10
1170090 186.5 6.1502e-10 6.291e-10
1170091 187.0 6.0596e-10 6.2241e-10
1170092 187.5 5.9708e-10 6.1788e-10
1170093 188.0 5.8838e-10 6.1062e-10
1170094 188.5 5.7984e-10 6.003e-10
1170095 189.0 5.7147e-10 6.0207e-10
1170096 189.5 5.6326e-10 6.0585e-10
1170097 190.0 5.5521e-10 6.0751e-10
1170098 190.5 5.473e-10 5.9519e-10
1170099 191.0 5.3955e-10 5.7713e-10
1170100 191.5 5.3195e-10 5.7757e-10
1170101 192.0 5.2448e-10 5.6893e-10
1170102 192.5 5.1716e-10 5.5707e-10
1170103 193.0 5.0997e-10 5.4927e-10
1170104 193.5 5.0292e-10 5.3712e-10
1170105 194.0 4.9599e-10 5.33e-10
1170106 194.5 4.8919e-10 5.174e-10
1170107 195.0 4.8251e-10 4.9732e-10
1170108 195.5 4.7595e-10 4.9233e-10
1170109 196.0 4.6951e-10 4.6479e-10
1170110 196.5 4.6319e-10 4.6768e-10
1170111 197.0 4.5697e-10 4.5381e-10
1170112 197.5 4.5087e-10 4.443e-10
1170113 198.0 4.4487e-10 4.376e-10
1170114 198.5 4.3898e-10 4.2791e-10
1170115 199.0 4.3319e-10 4.0965e-10
1170116 199.5 4.275e-10 4.0176e-10
1170117 200.0 4.2191e-10 4.0163e-10
