 Hgtkm DensMean DensPert
1192173 0.0 1.1656 1.1881
1192174 0.5 1.1117 1.1295
1192175 1.0 1.06 1.0647
1192176 1.5 1.0101 1.0152
1192177 2.0 0.96405 0.96875
1192178 2.5 0.91875 0.91934
1192179 3.0 0.87485 0.86918
1192180 3.5 0.83389 0.82875
1192181 4.0 0.79521 0.78969
1192182 4.5 0.75791 0.75249
1192183 5.0 0.72062 0.71488
1192184 5.5 0.68516 0.68084
1192185 6.0 0.65099 0.64669
1192186 6.5 0.61753 0.61303
1192187 7.0 0.5858 0.58146
1192188 7.5 0.5557 0.55134
1192189 8.0 0.52637 0.5196
1192190 8.5 0.49854 0.49015
1192191 9.0 0.47219 0.46389
1192192 9.5 0.44723 0.4398
1192193 10.0 0.42223 0.41487
1192194 10.5 0.39833 0.39123
1192195 11.0 0.37498 0.37058
1192196 11.5 0.35148 0.34801
1192197 12.0 0.32946 0.32811
1192198 12.5 0.30821 0.30767
1192199 13.0 0.2875 0.2856
1192200 13.5 0.26819 0.26759
1192201 14.0 0.25018 0.25061
1192202 14.5 0.23224 0.23347
1192203 15.0 0.21522 0.21781
1192204 15.5 0.19945 0.20227
1192205 16.0 0.18484 0.1879
1192206 16.5 0.1713 0.1743
1192207 17.0 0.15766 0.15776
1192208 17.5 0.14477 0.14533
1192209 18.0 0.13294 0.13386
1192210 18.5 0.12208 0.1232
1192211 19.0 0.11216 0.11286
1192212 19.5 0.10313 0.10442
1192213 20.0 0.09483 0.096348
1192214 20.5 0.087198 0.088641
1192215 21.0 0.080207 0.081286
1192216 21.5 0.073926 0.074842
1192217 22.0 0.068138 0.069155
1192218 22.5 0.062804 0.063357
1192219 23.0 0.057888 0.058018
1192220 23.5 0.053357 0.05386
1192221 24.0 0.049182 0.049958
1192222 24.5 0.045387 0.046002
1192223 25.0 0.041919 0.04279
1192224 25.5 0.038717 0.039275
1192225 26.0 0.035759 0.035976
1192226 26.5 0.033028 0.03327
1192227 27.0 0.030517 0.030833
1192228 27.5 0.028214 0.028357
1192229 28.0 0.02607 0.026283
1192230 28.5 0.024079 0.024425
1192231 29.0 0.022235 0.022422
1192232 29.5 0.020534 0.020703
1192233 30.0 0.018972 0.01914
1192234 30.5 0.017528 0.017676
1192235 31.0 0.016206 0.016292
1192236 31.5 0.014997 0.015155
1192237 32.0 0.013887 0.013984
1192238 32.5 0.012864 0.01305
1192239 33.0 0.01192 0.012119
1192240 33.5 0.011049 0.011102
1192241 34.0 0.010245 0.010321
1192242 34.5 0.0095026 0.0094838
1192243 35.0 0.0088171 0.008778
1192244 35.5 0.0081759 0.0080897
1192245 36.0 0.0075843 0.0074271
1192246 36.5 0.0070383 0.0068388
1192247 37.0 0.0065342 0.0063385
1192248 37.5 0.0060686 0.005772
1192249 38.0 0.0056384 0.0053867
1192250 38.5 0.0052406 0.0049956
1192251 39.0 0.0048728 0.0046158
1192252 39.5 0.0045324 0.0043826
1192253 40.0 0.0042174 0.0040408
1192254 40.5 0.0039312 0.0037713
1192255 41.0 0.0036655 0.003543
1192256 41.5 0.0034187 0.0032874
1192257 42.0 0.0031894 0.0030869
1192258 42.5 0.0029763 0.0029054
1192259 43.0 0.0027781 0.0027349
1192260 43.5 0.0025939 0.0025333
1192261 44.0 0.0024226 0.0023267
1192262 44.5 0.0022632 0.0021247
1192263 45.0 0.0021148 0.0019529
1192264 45.5 0.001983 0.0018531
1192265 46.0 0.0018594 0.0017465
1192266 46.5 0.0017437 0.0016399
1192267 47.0 0.0016352 0.0015387
1192268 47.5 0.0015336 0.0014471
1192269 48.0 0.0014384 0.0013417
1192270 48.5 0.0013491 0.0012687
1192271 49.0 0.0012654 0.0011803
1192272 49.5 0.001187 0.0011054
1192273 50.0 0.0011135 0.0010528
1192274 50.5 0.0010487 0.0010001
1192275 51.0 0.00098743 0.00094321
1192276 51.5 0.00092954 0.00088398
1192277 52.0 0.00087485 0.000835
1192278 52.5 0.00082321 0.00077943
1192279 53.0 0.00077443 0.0007254
1192280 53.5 0.00072839 0.00066788
1192281 54.0 0.00068493 0.00061882
1192282 54.5 0.00064391 0.00057575
1192283 55.0 0.00060522 0.00054367
1192284 55.5 0.00056946 0.00052118
1192285 56.0 0.00053563 0.00048819
1192286 56.5 0.00050363 0.00045744
1192287 57.0 0.00047338 0.00043039
1192288 57.5 0.0004448 0.00040346
1192289 58.0 0.00041778 0.00038555
1192290 58.5 0.00039227 0.00035728
1192291 59.0 0.00036818 0.0003331
1192292 59.5 0.00034544 0.00031578
1192293 60.0 0.00032399 0.00029917
1192294 60.5 0.00030372 0.00027898
1192295 61.0 0.00028463 0.00026505
1192296 61.5 0.00026664 0.00024445
1192297 62.0 0.00024971 0.0002229
1192298 62.5 0.00023377 0.0002134
1192299 63.0 0.00021877 0.00020287
1192300 63.5 0.00020467 0.00018676
1192301 64.0 0.0001914 0.00017682
1192302 64.5 0.00017893 0.00016105
1192303 65.0 0.00016721 0.00014675
1192304 65.5 0.0001562 0.00013814
1192305 66.0 0.00014585 0.00013033
1192306 66.5 0.00013614 0.00012387
1192307 67.0 0.00012702 0.00011873
1192308 67.5 0.00011847 0.00011082
1192309 68.0 0.00011044 0.00010271
1192310 68.5 0.00010291 9.6835e-05
1192311 69.0 9.586e-05 9.1206e-05
1192312 69.5 8.9252e-05 8.5841e-05
1192313 70.0 8.3063e-05 7.9824e-05
1192314 70.5 7.7163e-05 7.3742e-05
1192315 71.0 7.1662e-05 6.5816e-05
1192316 71.5 6.6533e-05 5.9825e-05
1192317 72.0 6.1754e-05 5.5994e-05
1192318 72.5 5.73e-05 5.3712e-05
1192319 73.0 5.3152e-05 5.0654e-05
1192320 73.5 4.929e-05 4.6825e-05
1192321 74.0 4.5694e-05 4.4458e-05
1192322 74.5 4.2348e-05 4.057e-05
1192323 75.0 3.9234e-05 3.8242e-05
1192324 75.5 3.6322e-05 3.5588e-05
1192325 76.0 3.362e-05 3.3531e-05
1192326 76.5 3.1114e-05 3.0552e-05
1192327 77.0 2.879e-05 2.7893e-05
1192328 77.5 2.6635e-05 2.6332e-05
1192329 78.0 2.4638e-05 2.3944e-05
1192330 78.5 2.2786e-05 2.2342e-05
1192331 79.0 2.107e-05 1.9968e-05
1192332 79.5 1.948e-05 1.8866e-05
1192333 80.0 1.8007e-05 1.7482e-05
1192334 80.5 1.6666e-05 1.66e-05
1192335 81.0 1.5421e-05 1.5037e-05
1192336 81.5 1.4266e-05 1.3874e-05
1192337 82.0 1.3195e-05 1.2696e-05
1192338 82.5 1.2201e-05 1.1669e-05
1192339 83.0 1.1279e-05 1.1162e-05
1192340 83.5 1.0424e-05 1.0407e-05
1192341 84.0 9.6315e-06 9.7427e-06
1192342 84.5 8.8972e-06 8.892e-06
1192343 85.0 8.2168e-06 8.093e-06
1192344 85.5 7.5691e-06 7.4423e-06
1192345 86.0 6.9703e-06 6.8153e-06
1192346 86.5 6.4168e-06 6.0834e-06
1192347 87.0 5.9053e-06 5.7095e-06
1192348 87.5 5.4329e-06 4.9991e-06
1192349 88.0 4.9967e-06 4.5547e-06
1192350 88.5 4.5939e-06 4.1255e-06
1192351 89.0 4.2223e-06 3.7153e-06
1192352 89.5 3.8794e-06 3.6333e-06
1192353 90.0 3.5632e-06 3.3549e-06
1192354 90.5 3.2661e-06 3.0003e-06
1192355 91.0 2.9921e-06 2.7527e-06
1192356 91.5 2.7394e-06 2.4697e-06
1192357 92.0 2.5064e-06 2.2542e-06
1192358 92.5 2.2918e-06 2.0138e-06
1192359 93.0 2.0942e-06 1.9613e-06
1192360 93.5 1.9124e-06 1.8142e-06
1192361 94.0 1.7451e-06 1.6247e-06
1192362 94.5 1.5915e-06 1.6167e-06
1192363 95.0 1.4504e-06 1.5284e-06
1192364 95.5 1.3156e-06 1.3229e-06
1192365 96.0 1.1938e-06 1.193e-06
1192366 96.5 1.0837e-06 1.0224e-06
1192367 97.0 9.8411e-07 9.1275e-07
1192368 97.5 8.94e-07 7.5202e-07
1192369 98.0 8.1243e-07 6.5079e-07
1192370 98.5 7.3857e-07 5.7883e-07
1192371 99.0 6.7167e-07 5.3142e-07
1192372 99.5 6.1105e-07 4.8249e-07
1192373 100.0 5.5611e-07 4.3611e-07
1192374 100.5 5.0368e-07 3.9499e-07
1192375 101.0 4.5678e-07 3.246e-07
1192376 101.5 4.1476e-07 2.9988e-07
1192377 102.0 3.7705e-07 2.686e-07
1192378 102.5 3.4316e-07 2.7843e-07
1192379 103.0 3.1267e-07 2.7535e-07
1192380 103.5 2.852e-07 2.4711e-07
1192381 104.0 2.6042e-07 2.3315e-07
1192382 104.5 2.3804e-07 2.0696e-07
1192383 105.0 2.1782e-07 2.0316e-07
1192384 105.5 1.9878e-07 1.8141e-07
1192385 106.0 1.8174e-07 1.7177e-07
1192386 106.5 1.6645e-07 1.4136e-07
1192387 107.0 1.5269e-07 1.3011e-07
1192388 107.5 1.4029e-07 1.2093e-07
1192389 108.0 1.2908e-07 1.1157e-07
1192390 108.5 1.1894e-07 1.0829e-07
1192391 109.0 1.0974e-07 9.7961e-08
1192392 109.5 1.0139e-07 9.1297e-08
1192393 110.0 9.3782e-08 8.7138e-08
1192394 110.5 8.6689e-08 8.008e-08
1192395 111.0 8.027e-08 7.2604e-08
1192396 111.5 7.4446e-08 6.8359e-08
1192397 112.0 6.9146e-08 6.7295e-08
1192398 112.5 6.4312e-08 6.299e-08
1192399 113.0 5.9892e-08 5.636e-08
1192400 113.5 5.5844e-08 5.311e-08
1192401 114.0 5.2129e-08 4.9471e-08
1192402 114.5 4.8712e-08 4.6605e-08
1192403 115.0 4.5565e-08 4.2094e-08
1192404 115.5 4.2658e-08 3.9615e-08
1192405 116.0 3.9975e-08 3.6792e-08
1192406 116.5 3.7495e-08 3.2778e-08
1192407 117.0 3.5199e-08 2.9884e-08
1192408 117.5 3.307e-08 2.9554e-08
1192409 118.0 3.1094e-08 2.9222e-08
1192410 118.5 2.9258e-08 2.779e-08
1192411 119.0 2.755e-08 2.51e-08
1192412 119.5 2.5959e-08 2.3376e-08
1192413 120.0 2.4476e-08 2.1667e-08
1192414 120.5 2.3096e-08 2.0702e-08
1192415 121.0 2.1815e-08 1.9311e-08
1192416 121.5 2.0624e-08 1.8352e-08
1192417 122.0 1.9516e-08 1.7456e-08
1192418 122.5 1.8484e-08 1.5838e-08
1192419 123.0 1.7523e-08 1.579e-08
1192420 123.5 1.6627e-08 1.4943e-08
1192421 124.0 1.579e-08 1.4342e-08
1192422 124.5 1.5009e-08 1.4053e-08
1192423 125.0 1.4278e-08 1.3685e-08
1192424 125.5 1.3595e-08 1.3323e-08
1192425 126.0 1.2955e-08 1.2853e-08
1192426 126.5 1.2355e-08 1.2552e-08
1192427 127.0 1.1792e-08 1.2009e-08
1192428 127.5 1.1263e-08 1.1587e-08
1192429 128.0 1.0766e-08 1.1045e-08
1192430 128.5 1.0298e-08 1.0166e-08
1192431 129.0 9.8578e-09 9.6765e-09
1192432 129.5 9.4426e-09 8.9241e-09
1192433 130.0 9.0509e-09 8.6657e-09
1192434 130.5 8.681e-09 8.0634e-09
1192435 131.0 8.3315e-09 7.3491e-09
1192436 131.5 8.001e-09 6.8857e-09
1192437 132.0 7.6883e-09 6.3581e-09
1192438 132.5 7.392e-09 6.0359e-09
1192439 133.0 7.1112e-09 6.0436e-09
1192440 133.5 6.8449e-09 5.5269e-09
1192441 134.0 6.5921e-09 5.4249e-09
1192442 134.5 6.3521e-09 5.4002e-09
1192443 135.0 6.1239e-09 5.0251e-09
1192444 135.5 5.9069e-09 4.808e-09
1192445 136.0 5.7004e-09 4.6098e-09
1192446 136.5 5.5037e-09 4.5576e-09
1192447 137.0 5.3163e-09 4.3325e-09
1192448 137.5 5.1377e-09 4.4589e-09
1192449 138.0 4.9673e-09 4.3538e-09
1192450 138.5 4.8046e-09 4.132e-09
1192451 139.0 4.6493e-09 3.9717e-09
1192452 139.5 4.5009e-09 3.8208e-09
1192453 140.0 4.3589e-09 3.8304e-09
1192454 140.5 4.2232e-09 3.8957e-09
1192455 141.0 4.0932e-09 3.7801e-09
1192456 141.5 3.9688e-09 3.7085e-09
1192457 142.0 3.8496e-09 3.511e-09
1192458 142.5 3.7353e-09 3.3504e-09
1192459 143.0 3.6258e-09 3.3213e-09
1192460 143.5 3.5206e-09 3.1368e-09
1192461 144.0 3.4197e-09 2.9977e-09
1192462 144.5 3.3228e-09 2.8079e-09
1192463 145.0 3.2297e-09 2.8133e-09
1192464 145.5 3.1402e-09 2.8276e-09
1192465 146.0 3.0542e-09 2.6238e-09
1192466 146.5 2.9714e-09 2.6045e-09
1192467 147.0 2.8918e-09 2.5052e-09
1192468 147.5 2.8151e-09 2.3645e-09
1192469 148.0 2.7412e-09 2.4034e-09
1192470 148.5 2.67e-09 2.4095e-09
1192471 149.0 2.6014e-09 2.2958e-09
1192472 149.5 2.5352e-09 2.2204e-09
1192473 150.0 2.4714e-09 2.2659e-09
1192474 150.5 2.4098e-09 2.2978e-09
1192475 151.0 2.3504e-09 2.2004e-09
1192476 151.5 2.293e-09 2.2198e-09
1192477 152.0 2.2375e-09 2.1548e-09
1192478 152.5 2.1839e-09 2.1133e-09
1192479 153.0 2.1321e-09 2.0352e-09
1192480 153.5 2.082e-09 1.9853e-09
1192481 154.0 2.0335e-09 1.961e-09
1192482 154.5 1.9866e-09 1.9012e-09
1192483 155.0 1.9413e-09 1.8917e-09
1192484 155.5 1.8973e-09 1.8429e-09
1192485 156.0 1.8547e-09 1.8746e-09
1192486 156.5 1.8135e-09 1.8508e-09
1192487 157.0 1.7735e-09 1.8197e-09
1192488 157.5 1.7348e-09 1.7276e-09
1192489 158.0 1.6972e-09 1.678e-09
1192490 158.5 1.6608e-09 1.6238e-09
1192491 159.0 1.6255e-09 1.5867e-09
1192492 159.5 1.5911e-09 1.5652e-09
1192493 160.0 1.5578e-09 1.5435e-09
1192494 160.5 1.5255e-09 1.4699e-09
1192495 161.0 1.4941e-09 1.4184e-09
1192496 161.5 1.4636e-09 1.4529e-09
1192497 162.0 1.434e-09 1.4204e-09
1192498 162.5 1.4051e-09 1.3852e-09
1192499 163.0 1.3771e-09 1.333e-09
1192500 163.5 1.3499e-09 1.3049e-09
1192501 164.0 1.3234e-09 1.2438e-09
1192502 164.5 1.2976e-09 1.2104e-09
1192503 165.0 1.2725e-09 1.201e-09
1192504 165.5 1.2481e-09 1.2015e-09
1192505 166.0 1.2243e-09 1.1778e-09
1192506 166.5 1.2012e-09 1.147e-09
1192507 167.0 1.1786e-09 1.1288e-09
1192508 167.5 1.1567e-09 1.1427e-09
1192509 168.0 1.1353e-09 1.1411e-09
1192510 168.5 1.1144e-09 1.1474e-09
1192511 169.0 1.0941e-09 1.1335e-09
1192512 169.5 1.0743e-09 1.1117e-09
1192513 170.0 1.055e-09 1.0572e-09
1192514 170.5 1.0361e-09 1.039e-09
1192515 171.0 1.0177e-09 1.0076e-09
1192516 171.5 9.9978e-10 1.002e-09
1192517 172.0 9.8227e-10 9.8695e-10
1192518 172.5 9.6518e-10 1.0036e-09
1192519 173.0 9.485e-10 1.0019e-09
1192520 173.5 9.3221e-10 9.7808e-10
1192521 174.0 9.163e-10 9.515e-10
1192522 174.5 9.0076e-10 9.3632e-10
1192523 175.0 8.8558e-10 8.9562e-10
1192524 175.5 8.7075e-10 8.7944e-10
1192525 176.0 8.5626e-10 8.8241e-10
1192526 176.5 8.4209e-10 8.569e-10
1192527 177.0 8.2824e-10 8.3215e-10
1192528 177.5 8.1471e-10 8.3236e-10
1192529 178.0 8.0147e-10 8.5515e-10
1192530 178.5 7.8852e-10 8.3738e-10
1192531 179.0 7.7586e-10 8.1563e-10
1192532 179.5 7.6347e-10 8.0702e-10
1192533 180.0 7.5134e-10 7.8908e-10
1192534 180.5 7.3948e-10 7.7198e-10
1192535 181.0 7.2787e-10 7.5244e-10
1192536 181.5 7.1651e-10 7.3378e-10
1192537 182.0 7.0539e-10 7.1685e-10
1192538 182.5 6.945e-10 6.8696e-10
1192539 183.0 6.8383e-10 6.8062e-10
1192540 183.5 6.7339e-10 6.8071e-10
1192541 184.0 6.6315e-10 6.7375e-10
1192542 184.5 6.5313e-10 6.5232e-10
1192543 185.0 6.4331e-10 6.4374e-10
1192544 185.5 6.3369e-10 6.4563e-10
1192545 186.0 6.2426e-10 6.4186e-10
1192546 186.5 6.1502e-10 6.2631e-10
1192547 187.0 6.0596e-10 6.2905e-10
1192548 187.5 5.9708e-10 6.2168e-10
1192549 188.0 5.8838e-10 5.9486e-10
1192550 188.5 5.7984e-10 5.8794e-10
1192551 189.0 5.7147e-10 5.7749e-10
1192552 189.5 5.6326e-10 5.7925e-10
1192553 190.0 5.5521e-10 5.7464e-10
1192554 190.5 5.473e-10 5.5145e-10
1192555 191.0 5.3955e-10 5.39e-10
1192556 191.5 5.3195e-10 5.2135e-10
1192557 192.0 5.2448e-10 5.2443e-10
1192558 192.5 5.1716e-10 5.0118e-10
1192559 193.0 5.0997e-10 4.8255e-10
1192560 193.5 5.0292e-10 4.7516e-10
1192561 194.0 4.9599e-10 4.7587e-10
1192562 194.5 4.8919e-10 4.6805e-10
1192563 195.0 4.8251e-10 4.5021e-10
1192564 195.5 4.7595e-10 4.3393e-10
1192565 196.0 4.6951e-10 4.1804e-10
1192566 196.5 4.6319e-10 4.0586e-10
1192567 197.0 4.5697e-10 4.0244e-10
1192568 197.5 4.5087e-10 3.9915e-10
1192569 198.0 4.4487e-10 3.9471e-10
1192570 198.5 4.3898e-10 3.9176e-10
1192571 199.0 4.3319e-10 3.8885e-10
1192572 199.5 4.275e-10 3.8871e-10
1192573 200.0 4.2191e-10 3.9228e-10
