 Hgtkm DensMean DensPert
1217035 0.0 1.1656 1.1121
1217036 0.5 1.1117 1.0906
1217037 1.0 1.06 1.0127
1217038 1.5 1.0101 0.9717
1217039 2.0 0.96405 0.93619
1217040 2.5 0.91875 0.91031
1217041 3.0 0.87485 0.8572
1217042 3.5 0.83389 0.82538
1217043 4.0 0.79521 0.79268
1217044 4.5 0.75791 0.76587
1217045 5.0 0.72062 0.72884
1217046 5.5 0.68516 0.6941
1217047 6.0 0.65099 0.66153
1217048 6.5 0.61753 0.62729
1217049 7.0 0.5858 0.59567
1217050 7.5 0.5557 0.56616
1217051 8.0 0.52637 0.53727
1217052 8.5 0.49854 0.50919
1217053 9.0 0.47219 0.4837
1217054 9.5 0.44723 0.45852
1217055 10.0 0.42223 0.43267
1217056 10.5 0.39833 0.40993
1217057 11.0 0.37498 0.38718
1217058 11.5 0.35148 0.363
1217059 12.0 0.32946 0.33977
1217060 12.5 0.30821 0.31995
1217061 13.0 0.2875 0.29876
1217062 13.5 0.26819 0.27705
1217063 14.0 0.25018 0.25806
1217064 14.5 0.23224 0.23787
1217065 15.0 0.21522 0.22027
1217066 15.5 0.19945 0.20482
1217067 16.0 0.18484 0.19276
1217068 16.5 0.1713 0.17551
1217069 17.0 0.15766 0.16441
1217070 17.5 0.14477 0.14873
1217071 18.0 0.13294 0.13455
1217072 18.5 0.12208 0.12358
1217073 19.0 0.11216 0.11277
1217074 19.5 0.10313 0.10425
1217075 20.0 0.09483 0.095882
1217076 20.5 0.087198 0.087598
1217077 21.0 0.080207 0.080757
1217078 21.5 0.073926 0.074315
1217079 22.0 0.068138 0.068849
1217080 22.5 0.062804 0.062562
1217081 23.0 0.057888 0.05764
1217082 23.5 0.053357 0.053571
1217083 24.0 0.049182 0.049418
1217084 24.5 0.045387 0.045382
1217085 25.0 0.041919 0.041793
1217086 25.5 0.038717 0.038731
1217087 26.0 0.035759 0.035818
1217088 26.5 0.033028 0.032918
1217089 27.0 0.030517 0.030229
1217090 27.5 0.028214 0.02787
1217091 28.0 0.02607 0.025857
1217092 28.5 0.024079 0.023887
1217093 29.0 0.022235 0.022003
1217094 29.5 0.020534 0.020242
1217095 30.0 0.018972 0.018844
1217096 30.5 0.017528 0.01742
1217097 31.0 0.016206 0.01615
1217098 31.5 0.014997 0.014906
1217099 32.0 0.013887 0.013818
1217100 32.5 0.012864 0.012672
1217101 33.0 0.01192 0.011683
1217102 33.5 0.011049 0.010913
1217103 34.0 0.010245 0.010041
1217104 34.5 0.0095026 0.0093287
1217105 35.0 0.0088171 0.0086754
1217106 35.5 0.0081759 0.0080748
1217107 36.0 0.0075843 0.00735
1217108 36.5 0.0070383 0.0068539
1217109 37.0 0.0065342 0.0063963
1217110 37.5 0.0060686 0.0059474
1217111 38.0 0.0056384 0.0054933
1217112 38.5 0.0052406 0.0051179
1217113 39.0 0.0048728 0.0047405
1217114 39.5 0.0045324 0.004491
1217115 40.0 0.0042174 0.0041914
1217116 40.5 0.0039312 0.0038994
1217117 41.0 0.0036655 0.0036394
1217118 41.5 0.0034187 0.0034031
1217119 42.0 0.0031894 0.0031215
1217120 42.5 0.0029763 0.0028756
1217121 43.0 0.0027781 0.0027157
1217122 43.5 0.0025939 0.0025491
1217123 44.0 0.0024226 0.0024062
1217124 44.5 0.0022632 0.0022389
1217125 45.0 0.0021148 0.0020663
1217126 45.5 0.001983 0.0019262
1217127 46.0 0.0018594 0.0018141
1217128 46.5 0.0017437 0.0017362
1217129 47.0 0.0016352 0.001636
1217130 47.5 0.0015336 0.0015821
1217131 48.0 0.0014384 0.0014763
1217132 48.5 0.0013491 0.0013673
1217133 49.0 0.0012654 0.001263
1217134 49.5 0.001187 0.001192
1217135 50.0 0.0011135 0.0011065
1217136 50.5 0.0010487 0.0010533
1217137 51.0 0.00098743 0.00098567
1217138 51.5 0.00092954 0.0009198
1217139 52.0 0.00087485 0.00086091
1217140 52.5 0.00082321 0.00081994
1217141 53.0 0.00077443 0.00077366
1217142 53.5 0.00072839 0.00074007
1217143 54.0 0.00068493 0.00069706
1217144 54.5 0.00064391 0.00065823
1217145 55.0 0.00060522 0.00062717
1217146 55.5 0.00056946 0.00059019
1217147 56.0 0.00053563 0.00055885
1217148 56.5 0.00050363 0.00052726
1217149 57.0 0.00047338 0.00049384
1217150 57.5 0.0004448 0.00045919
1217151 58.0 0.00041778 0.00043436
1217152 58.5 0.00039227 0.00040986
1217153 59.0 0.00036818 0.00038119
1217154 59.5 0.00034544 0.00035742
1217155 60.0 0.00032399 0.00033365
1217156 60.5 0.00030372 0.0003034
1217157 61.0 0.00028463 0.00027634
1217158 61.5 0.00026664 0.00026098
1217159 62.0 0.00024971 0.00024904
1217160 62.5 0.00023377 0.00024065
1217161 63.0 0.00021877 0.0002169
1217162 63.5 0.00020467 0.00021908
1217163 64.0 0.0001914 0.00020107
1217164 64.5 0.00017893 0.00019147
1217165 65.0 0.00016721 0.00018182
1217166 65.5 0.0001562 0.00017227
1217167 66.0 0.00014585 0.0001593
1217168 66.5 0.00013614 0.00014032
1217169 67.0 0.00012702 0.0001294
1217170 67.5 0.00011847 0.00012025
1217171 68.0 0.00011044 0.00011336
1217172 68.5 0.00010291 0.00010486
1217173 69.0 9.586e-05 9.8177e-05
1217174 69.5 8.9252e-05 9.4267e-05
1217175 70.0 8.3063e-05 8.8426e-05
1217176 70.5 7.7163e-05 8.3024e-05
1217177 71.0 7.1662e-05 7.5995e-05
1217178 71.5 6.6533e-05 7.1584e-05
1217179 72.0 6.1754e-05 6.6604e-05
1217180 72.5 5.73e-05 6.2557e-05
1217181 73.0 5.3152e-05 5.6841e-05
1217182 73.5 4.929e-05 5.1527e-05
1217183 74.0 4.5694e-05 4.7552e-05
1217184 74.5 4.2348e-05 4.3411e-05
1217185 75.0 3.9234e-05 4.0733e-05
1217186 75.5 3.6322e-05 3.7885e-05
1217187 76.0 3.362e-05 3.5121e-05
1217188 76.5 3.1114e-05 3.2516e-05
1217189 77.0 2.879e-05 3.0416e-05
1217190 77.5 2.6635e-05 2.8592e-05
1217191 78.0 2.4638e-05 2.6652e-05
1217192 78.5 2.2786e-05 2.4254e-05
1217193 79.0 2.107e-05 2.3275e-05
1217194 79.5 1.948e-05 2.1599e-05
1217195 80.0 1.8007e-05 2.0349e-05
1217196 80.5 1.6666e-05 1.9007e-05
1217197 81.0 1.5421e-05 1.7705e-05
1217198 81.5 1.4266e-05 1.6483e-05
1217199 82.0 1.3195e-05 1.5429e-05
1217200 82.5 1.2201e-05 1.3947e-05
1217201 83.0 1.1279e-05 1.2982e-05
1217202 83.5 1.0424e-05 1.2088e-05
1217203 84.0 9.6315e-06 1.1302e-05
1217204 84.5 8.8972e-06 1.0397e-05
1217205 85.0 8.2168e-06 9.359e-06
1217206 85.5 7.5691e-06 8.6039e-06
1217207 86.0 6.9703e-06 7.9949e-06
1217208 86.5 6.4168e-06 7.0503e-06
1217209 87.0 5.9053e-06 6.2169e-06
1217210 87.5 5.4329e-06 5.7565e-06
1217211 88.0 4.9967e-06 5.2842e-06
1217212 88.5 4.5939e-06 4.9723e-06
1217213 89.0 4.2223e-06 4.5316e-06
1217214 89.5 3.8794e-06 4.2351e-06
1217215 90.0 3.5632e-06 3.8941e-06
1217216 90.5 3.2661e-06 3.5171e-06
1217217 91.0 2.9921e-06 3.1274e-06
1217218 91.5 2.7394e-06 2.9496e-06
1217219 92.0 2.5064e-06 2.7009e-06
1217220 92.5 2.2918e-06 2.5077e-06
1217221 93.0 2.0942e-06 2.2532e-06
1217222 93.5 1.9124e-06 2.0683e-06
1217223 94.0 1.7451e-06 1.8046e-06
1217224 94.5 1.5915e-06 1.5843e-06
1217225 95.0 1.4504e-06 1.5018e-06
1217226 95.5 1.3156e-06 1.5437e-06
1217227 96.0 1.1938e-06 1.4637e-06
1217228 96.5 1.0837e-06 1.3705e-06
1217229 97.0 9.8411e-07 1.2262e-06
1217230 97.5 8.94e-07 1.0991e-06
1217231 98.0 8.1243e-07 1.0612e-06
1217232 98.5 7.3857e-07 9.2783e-07
1217233 99.0 6.7167e-07 8.3023e-07
1217234 99.5 6.1105e-07 7.8408e-07
1217235 100.0 5.5611e-07 7.0929e-07
1217236 100.5 5.0368e-07 6.5238e-07
1217237 101.0 4.5678e-07 5.9104e-07
1217238 101.5 4.1476e-07 5.0475e-07
1217239 102.0 3.7705e-07 4.7276e-07
1217240 102.5 3.4316e-07 4.218e-07
1217241 103.0 3.1267e-07 3.7657e-07
1217242 103.5 2.852e-07 3.2328e-07
1217243 104.0 2.6042e-07 3.0758e-07
1217244 104.5 2.3804e-07 2.7824e-07
1217245 105.0 2.1782e-07 2.6191e-07
1217246 105.5 1.9878e-07 2.2907e-07
1217247 106.0 1.8174e-07 2.0527e-07
1217248 106.5 1.6645e-07 1.8228e-07
1217249 107.0 1.5269e-07 1.7136e-07
1217250 107.5 1.4029e-07 1.5203e-07
1217251 108.0 1.2908e-07 1.4537e-07
1217252 108.5 1.1894e-07 1.3794e-07
1217253 109.0 1.0974e-07 1.2552e-07
1217254 109.5 1.0139e-07 1.1291e-07
1217255 110.0 9.3782e-08 1.0854e-07
1217256 110.5 8.6689e-08 1.011e-07
1217257 111.0 8.027e-08 9.1093e-08
1217258 111.5 7.4446e-08 8.2733e-08
1217259 112.0 6.9146e-08 7.7532e-08
1217260 112.5 6.4312e-08 6.6905e-08
1217261 113.0 5.9892e-08 6.2066e-08
1217262 113.5 5.5844e-08 5.4951e-08
1217263 114.0 5.2129e-08 5.3729e-08
1217264 114.5 4.8712e-08 5.1818e-08
1217265 115.0 4.5565e-08 4.7918e-08
1217266 115.5 4.2658e-08 4.4503e-08
1217267 116.0 3.9975e-08 4.1647e-08
1217268 116.5 3.7495e-08 3.9872e-08
1217269 117.0 3.5199e-08 3.5751e-08
1217270 117.5 3.307e-08 3.4162e-08
1217271 118.0 3.1094e-08 3.2684e-08
1217272 118.5 2.9258e-08 2.9923e-08
1217273 119.0 2.755e-08 2.7896e-08
1217274 119.5 2.5959e-08 2.5193e-08
1217275 120.0 2.4476e-08 2.3674e-08
1217276 120.5 2.3096e-08 2.1924e-08
1217277 121.0 2.1815e-08 2.0828e-08
1217278 121.5 2.0624e-08 2.0175e-08
1217279 122.0 1.9516e-08 1.8777e-08
1217280 122.5 1.8484e-08 1.7241e-08
1217281 123.0 1.7523e-08 1.6524e-08
1217282 123.5 1.6627e-08 1.6527e-08
1217283 124.0 1.579e-08 1.6076e-08
1217284 124.5 1.5009e-08 1.5069e-08
1217285 125.0 1.4278e-08 1.4825e-08
1217286 125.5 1.3595e-08 1.4622e-08
1217287 126.0 1.2955e-08 1.3537e-08
1217288 126.5 1.2355e-08 1.2858e-08
1217289 127.0 1.1792e-08 1.184e-08
1217290 127.5 1.1263e-08 1.1143e-08
1217291 128.0 1.0766e-08 1.0932e-08
1217292 128.5 1.0298e-08 1.0288e-08
1217293 129.0 9.8578e-09 9.9394e-09
1217294 129.5 9.4426e-09 9.5425e-09
1217295 130.0 9.0509e-09 8.9204e-09
1217296 130.5 8.681e-09 8.4899e-09
1217297 131.0 8.3315e-09 8.142e-09
1217298 131.5 8.001e-09 7.8786e-09
1217299 132.0 7.6883e-09 7.5308e-09
1217300 132.5 7.392e-09 7.4678e-09
1217301 133.0 7.1112e-09 7.4574e-09
1217302 133.5 6.8449e-09 7.0424e-09
1217303 134.0 6.5921e-09 6.8827e-09
1217304 134.5 6.3521e-09 6.6231e-09
1217305 135.0 6.1239e-09 6.5454e-09
1217306 135.5 5.9069e-09 6.2533e-09
1217307 136.0 5.7004e-09 5.7228e-09
1217308 136.5 5.5037e-09 5.6312e-09
1217309 137.0 5.3163e-09 5.3864e-09
1217310 137.5 5.1377e-09 5.393e-09
1217311 138.0 4.9673e-09 5.182e-09
1217312 138.5 4.8046e-09 4.9225e-09
1217313 139.0 4.6493e-09 4.8686e-09
1217314 139.5 4.5009e-09 4.7113e-09
1217315 140.0 4.3589e-09 4.4845e-09
1217316 140.5 4.2232e-09 4.279e-09
1217317 141.0 4.0932e-09 4.2447e-09
1217318 141.5 3.9688e-09 4.0444e-09
1217319 142.0 3.8496e-09 4.0406e-09
1217320 142.5 3.7353e-09 3.9332e-09
1217321 143.0 3.6258e-09 3.8806e-09
1217322 143.5 3.5206e-09 3.7897e-09
1217323 144.0 3.4197e-09 3.7507e-09
1217324 144.5 3.3228e-09 3.6464e-09
1217325 145.0 3.2297e-09 3.5183e-09
1217326 145.5 3.1402e-09 3.2688e-09
1217327 146.0 3.0542e-09 3.0883e-09
1217328 146.5 2.9714e-09 2.9835e-09
1217329 147.0 2.8918e-09 2.8142e-09
1217330 147.5 2.8151e-09 2.749e-09
1217331 148.0 2.7412e-09 2.7224e-09
1217332 148.5 2.67e-09 2.6148e-09
1217333 149.0 2.6014e-09 2.6351e-09
1217334 149.5 2.5352e-09 2.506e-09
1217335 150.0 2.4714e-09 2.5116e-09
1217336 150.5 2.4098e-09 2.4253e-09
1217337 151.0 2.3504e-09 2.3487e-09
1217338 151.5 2.293e-09 2.2433e-09
1217339 152.0 2.2375e-09 2.196e-09
1217340 152.5 2.1839e-09 2.2336e-09
1217341 153.0 2.1321e-09 2.1565e-09
1217342 153.5 2.082e-09 2.0964e-09
1217343 154.0 2.0335e-09 2.0092e-09
1217344 154.5 1.9866e-09 1.9278e-09
1217345 155.0 1.9413e-09 1.8628e-09
1217346 155.5 1.8973e-09 1.8771e-09
1217347 156.0 1.8547e-09 1.8506e-09
1217348 156.5 1.8135e-09 1.8608e-09
1217349 157.0 1.7735e-09 1.7572e-09
1217350 157.5 1.7348e-09 1.6875e-09
1217351 158.0 1.6972e-09 1.7069e-09
1217352 158.5 1.6608e-09 1.6185e-09
1217353 159.0 1.6255e-09 1.5557e-09
1217354 159.5 1.5911e-09 1.5561e-09
1217355 160.0 1.5578e-09 1.5566e-09
1217356 160.5 1.5255e-09 1.4652e-09
1217357 161.0 1.4941e-09 1.4753e-09
1217358 161.5 1.4636e-09 1.4139e-09
1217359 162.0 1.434e-09 1.3957e-09
1217360 162.5 1.4051e-09 1.3752e-09
1217361 163.0 1.3771e-09 1.3281e-09
1217362 163.5 1.3499e-09 1.2796e-09
1217363 164.0 1.3234e-09 1.224e-09
1217364 164.5 1.2976e-09 1.1423e-09
1217365 165.0 1.2725e-09 1.1325e-09
1217366 165.5 1.2481e-09 1.0888e-09
1217367 166.0 1.2243e-09 1.0968e-09
1217368 166.5 1.2012e-09 1.0631e-09
1217369 167.0 1.1786e-09 1.0381e-09
1217370 167.5 1.1567e-09 1.0016e-09
1217371 168.0 1.1353e-09 1.0066e-09
1217372 168.5 1.1144e-09 1.0078e-09
1217373 169.0 1.0941e-09 9.9847e-10
1217374 169.5 1.0743e-09 9.7837e-10
1217375 170.0 1.055e-09 9.5981e-10
1217376 170.5 1.0361e-09 9.2838e-10
1217377 171.0 1.0177e-09 9.0035e-10
1217378 171.5 9.9978e-10 9.1206e-10
1217379 172.0 9.8227e-10 9.2008e-10
1217380 172.5 9.6518e-10 8.7006e-10
1217381 173.0 9.485e-10 8.6328e-10
1217382 173.5 9.3221e-10 8.4251e-10
1217383 174.0 9.163e-10 8.2692e-10
1217384 174.5 9.0076e-10 8.0811e-10
1217385 175.0 8.8558e-10 8.1955e-10
1217386 175.5 8.7075e-10 8.0192e-10
1217387 176.0 8.5626e-10 7.83e-10
1217388 176.5 8.4209e-10 7.6527e-10
1217389 177.0 8.2824e-10 7.4841e-10
1217390 177.5 8.1471e-10 7.3829e-10
1217391 178.0 8.0147e-10 7.3457e-10
1217392 178.5 7.8852e-10 7.3118e-10
1217393 179.0 7.7586e-10 7.2598e-10
1217394 179.5 7.6347e-10 7.1001e-10
1217395 180.0 7.5134e-10 6.915e-10
1217396 180.5 7.3948e-10 6.7591e-10
1217397 181.0 7.2787e-10 6.7317e-10
1217398 181.5 7.1651e-10 6.8932e-10
1217399 182.0 7.0539e-10 6.8672e-10
1217400 182.5 6.945e-10 6.8128e-10
1217401 183.0 6.8383e-10 6.6529e-10
1217402 183.5 6.7339e-10 6.4959e-10
1217403 184.0 6.6315e-10 6.5253e-10
1217404 184.5 6.5313e-10 6.4525e-10
1217405 185.0 6.4331e-10 6.4558e-10
1217406 185.5 6.3369e-10 6.4511e-10
1217407 186.0 6.2426e-10 6.4618e-10
1217408 186.5 6.1502e-10 6.2737e-10
1217409 187.0 6.0596e-10 6.26e-10
1217410 187.5 5.9708e-10 6.1416e-10
1217411 188.0 5.8838e-10 5.9024e-10
1217412 188.5 5.7984e-10 5.8618e-10
1217413 189.0 5.7147e-10 5.8514e-10
1217414 189.5 5.6326e-10 5.5194e-10
1217415 190.0 5.5521e-10 5.3454e-10
1217416 190.5 5.473e-10 5.3339e-10
1217417 191.0 5.3955e-10 5.1832e-10
1217418 191.5 5.3195e-10 5.1188e-10
1217419 192.0 5.2448e-10 5.0292e-10
1217420 192.5 5.1716e-10 4.9265e-10
1217421 193.0 5.0997e-10 4.8273e-10
1217422 193.5 5.0292e-10 4.8917e-10
1217423 194.0 4.9599e-10 4.7702e-10
1217424 194.5 4.8919e-10 4.805e-10
1217425 195.0 4.8251e-10 4.7412e-10
1217426 195.5 4.7595e-10 4.625e-10
1217427 196.0 4.6951e-10 4.5277e-10
1217428 196.5 4.6319e-10 4.5444e-10
1217429 197.0 4.5697e-10 4.4997e-10
1217430 197.5 4.5087e-10 4.366e-10
1217431 198.0 4.4487e-10 4.3682e-10
1217432 198.5 4.3898e-10 4.1859e-10
1217433 199.0 4.3319e-10 4.1809e-10
1217434 199.5 4.275e-10 4.1452e-10
1217435 200.0 4.2191e-10 4.1891e-10
