 Hgtkm DensMean DensPert
1231872 0.0 1.1656 1.1674
1231873 0.5 1.1117 1.12
1231874 1.0 1.06 1.0713
1231875 1.5 1.0101 1.0202
1231876 2.0 0.96405 0.97407
1231877 2.5 0.91875 0.92376
1231878 3.0 0.87485 0.87326
1231879 3.5 0.83389 0.83111
1231880 4.0 0.79521 0.79943
1231881 4.5 0.75791 0.7611
1231882 5.0 0.72062 0.72373
1231883 5.5 0.68516 0.68816
1231884 6.0 0.65099 0.65163
1231885 6.5 0.61753 0.61867
1231886 7.0 0.5858 0.5875
1231887 7.5 0.5557 0.55835
1231888 8.0 0.52637 0.52785
1231889 8.5 0.49854 0.499
1231890 9.0 0.47219 0.47187
1231891 9.5 0.44723 0.44672
1231892 10.0 0.42223 0.4198
1231893 10.5 0.39833 0.39537
1231894 11.0 0.37498 0.37192
1231895 11.5 0.35148 0.34858
1231896 12.0 0.32946 0.32828
1231897 12.5 0.30821 0.30731
1231898 13.0 0.2875 0.2855
1231899 13.5 0.26819 0.2667
1231900 14.0 0.25018 0.24942
1231901 14.5 0.23224 0.23152
1231902 15.0 0.21522 0.21535
1231903 15.5 0.19945 0.19991
1231904 16.0 0.18484 0.18603
1231905 16.5 0.1713 0.17092
1231906 17.0 0.15766 0.15562
1231907 17.5 0.14477 0.14451
1231908 18.0 0.13294 0.13223
1231909 18.5 0.12208 0.12164
1231910 19.0 0.11216 0.1118
1231911 19.5 0.10313 0.10279
1231912 20.0 0.09483 0.094928
1231913 20.5 0.087198 0.087614
1231914 21.0 0.080207 0.080506
1231915 21.5 0.073926 0.074213
1231916 22.0 0.068138 0.068028
1231917 22.5 0.062804 0.062386
1231918 23.0 0.057888 0.057001
1231919 23.5 0.053357 0.053227
1231920 24.0 0.049182 0.049078
1231921 24.5 0.045387 0.045508
1231922 25.0 0.041919 0.042091
1231923 25.5 0.038717 0.038945
1231924 26.0 0.035759 0.035781
1231925 26.5 0.033028 0.033036
1231926 27.0 0.030517 0.030456
1231927 27.5 0.028214 0.028276
1231928 28.0 0.02607 0.026124
1231929 28.5 0.024079 0.02417
1231930 29.0 0.022235 0.022329
1231931 29.5 0.020534 0.020698
1231932 30.0 0.018972 0.019159
1231933 30.5 0.017528 0.017615
1231934 31.0 0.016206 0.016334
1231935 31.5 0.014997 0.015132
1231936 32.0 0.013887 0.01394
1231937 32.5 0.012864 0.012978
1231938 33.0 0.01192 0.012023
1231939 33.5 0.011049 0.01121
1231940 34.0 0.010245 0.010335
1231941 34.5 0.0095026 0.0096549
1231942 35.0 0.0088171 0.0089016
1231943 35.5 0.0081759 0.008338
1231944 36.0 0.0075843 0.0077018
1231945 36.5 0.0070383 0.0071845
1231946 37.0 0.0065342 0.006658
1231947 37.5 0.0060686 0.00623
1231948 38.0 0.0056384 0.0057504
1231949 38.5 0.0052406 0.005417
1231950 39.0 0.0048728 0.0050671
1231951 39.5 0.0045324 0.0047543
1231952 40.0 0.0042174 0.0043879
1231953 40.5 0.0039312 0.0040488
1231954 41.0 0.0036655 0.0036965
1231955 41.5 0.0034187 0.0034077
1231956 42.0 0.0031894 0.0031819
1231957 42.5 0.0029763 0.0029764
1231958 43.0 0.0027781 0.0027877
1231959 43.5 0.0025939 0.0025814
1231960 44.0 0.0024226 0.0024057
1231961 44.5 0.0022632 0.0023251
1231962 45.0 0.0021148 0.0021669
1231963 45.5 0.001983 0.0020241
1231964 46.0 0.0018594 0.0018557
1231965 46.5 0.0017437 0.0017412
1231966 47.0 0.0016352 0.0016199
1231967 47.5 0.0015336 0.0015305
1231968 48.0 0.0014384 0.0014479
1231969 48.5 0.0013491 0.0013592
1231970 49.0 0.0012654 0.0012716
1231971 49.5 0.001187 0.0011798
1231972 50.0 0.0011135 0.0010976
1231973 50.5 0.0010487 0.0010037
1231974 51.0 0.00098743 0.00094437
1231975 51.5 0.00092954 0.00089031
1231976 52.0 0.00087485 0.0008621
1231977 52.5 0.00082321 0.00080214
1231978 53.0 0.00077443 0.00077551
1231979 53.5 0.00072839 0.00074801
1231980 54.0 0.00068493 0.00070171
1231981 54.5 0.00064391 0.00065416
1231982 55.0 0.00060522 0.00059995
1231983 55.5 0.00056946 0.00056533
1231984 56.0 0.00053563 0.00052913
1231985 56.5 0.00050363 0.00050156
1231986 57.0 0.00047338 0.00047108
1231987 57.5 0.0004448 0.00045542
1231988 58.0 0.00041778 0.00043306
1231989 58.5 0.00039227 0.00041165
1231990 59.0 0.00036818 0.00038163
1231991 59.5 0.00034544 0.00036252
1231992 60.0 0.00032399 0.00033602
1231993 60.5 0.00030372 0.00031424
1231994 61.0 0.00028463 0.00029885
1231995 61.5 0.00026664 0.00028031
1231996 62.0 0.00024971 0.00025662
1231997 62.5 0.00023377 0.00024336
1231998 63.0 0.00021877 0.0002208
1231999 63.5 0.00020467 0.00020778
1232000 64.0 0.0001914 0.00019456
1232001 64.5 0.00017893 0.00018087
1232002 65.0 0.00016721 0.0001676
1232003 65.5 0.0001562 0.000153
1232004 66.0 0.00014585 0.00014021
1232005 66.5 0.00013614 0.00012827
1232006 67.0 0.00012702 0.00011901
1232007 67.5 0.00011847 0.00010971
1232008 68.0 0.00011044 0.00010561
1232009 68.5 0.00010291 0.00010141
1232010 69.0 9.586e-05 9.6055e-05
1232011 69.5 8.9252e-05 8.8533e-05
1232012 70.0 8.3063e-05 8.2609e-05
1232013 70.5 7.7163e-05 7.7458e-05
1232014 71.0 7.1662e-05 7.1585e-05
1232015 71.5 6.6533e-05 6.8286e-05
1232016 72.0 6.1754e-05 6.3375e-05
1232017 72.5 5.73e-05 5.8424e-05
1232018 73.0 5.3152e-05 5.4491e-05
1232019 73.5 4.929e-05 4.992e-05
1232020 74.0 4.5694e-05 4.4681e-05
1232021 74.5 4.2348e-05 4.0781e-05
1232022 75.0 3.9234e-05 3.7765e-05
1232023 75.5 3.6322e-05 3.4437e-05
1232024 76.0 3.362e-05 3.1969e-05
1232025 76.5 3.1114e-05 2.9992e-05
1232026 77.0 2.879e-05 2.7956e-05
1232027 77.5 2.6635e-05 2.524e-05
1232028 78.0 2.4638e-05 2.3825e-05
1232029 78.5 2.2786e-05 2.2431e-05
1232030 79.0 2.107e-05 2.0709e-05
1232031 79.5 1.948e-05 1.9029e-05
1232032 80.0 1.8007e-05 1.7187e-05
1232033 80.5 1.6666e-05 1.5874e-05
1232034 81.0 1.5421e-05 1.5123e-05
1232035 81.5 1.4266e-05 1.4352e-05
1232036 82.0 1.3195e-05 1.2736e-05
1232037 82.5 1.2201e-05 1.1801e-05
1232038 83.0 1.1279e-05 1.0557e-05
1232039 83.5 1.0424e-05 9.6845e-06
1232040 84.0 9.6315e-06 8.7016e-06
1232041 84.5 8.8972e-06 7.9802e-06
1232042 85.0 8.2168e-06 7.1569e-06
1232043 85.5 7.5691e-06 6.8095e-06
1232044 86.0 6.9703e-06 6.3185e-06
1232045 86.5 6.4168e-06 5.8145e-06
1232046 87.0 5.9053e-06 5.4645e-06
1232047 87.5 5.4329e-06 4.8972e-06
1232048 88.0 4.9967e-06 4.3955e-06
1232049 88.5 4.5939e-06 4.2283e-06
1232050 89.0 4.2223e-06 3.8726e-06
1232051 89.5 3.8794e-06 3.6064e-06
1232052 90.0 3.5632e-06 3.3528e-06
1232053 90.5 3.2661e-06 3.1845e-06
1232054 91.0 2.9921e-06 3.0063e-06
1232055 91.5 2.7394e-06 2.6116e-06
1232056 92.0 2.5064e-06 2.2601e-06
1232057 92.5 2.2918e-06 2.1231e-06
1232058 93.0 2.0942e-06 1.9617e-06
1232059 93.5 1.9124e-06 1.81e-06
1232060 94.0 1.7451e-06 1.5871e-06
1232061 94.5 1.5915e-06 1.379e-06
1232062 95.0 1.4504e-06 1.2549e-06
1232063 95.5 1.3156e-06 1.1517e-06
1232064 96.0 1.1938e-06 1.0524e-06
1232065 96.5 1.0837e-06 9.4005e-07
1232066 97.0 9.8411e-07 9.1556e-07
1232067 97.5 8.94e-07 8.2886e-07
1232068 98.0 8.1243e-07 7.9086e-07
1232069 98.5 7.3857e-07 6.8868e-07
1232070 99.0 6.7167e-07 5.9393e-07
1232071 99.5 6.1105e-07 5.7115e-07
1232072 100.0 5.5611e-07 4.8827e-07
1232073 100.5 5.0368e-07 4.5589e-07
1232074 101.0 4.5678e-07 4.0568e-07
1232075 101.5 4.1476e-07 3.5017e-07
1232076 102.0 3.7705e-07 3.2588e-07
1232077 102.5 3.4316e-07 2.9154e-07
1232078 103.0 3.1267e-07 2.6358e-07
1232079 103.5 2.852e-07 2.3649e-07
1232080 104.0 2.6042e-07 2.1544e-07
1232081 104.5 2.3804e-07 2.0362e-07
1232082 105.0 2.1782e-07 1.8429e-07
1232083 105.5 1.9878e-07 1.6749e-07
1232084 106.0 1.8174e-07 1.5947e-07
1232085 106.5 1.6645e-07 1.452e-07
1232086 107.0 1.5269e-07 1.4117e-07
1232087 107.5 1.4029e-07 1.2712e-07
1232088 108.0 1.2908e-07 1.1699e-07
1232089 108.5 1.1894e-07 1.1166e-07
1232090 109.0 1.0974e-07 1.0359e-07
1232091 109.5 1.0139e-07 9.7437e-08
1232092 110.0 9.3782e-08 8.4755e-08
1232093 110.5 8.6689e-08 7.4494e-08
1232094 111.0 8.027e-08 7.2631e-08
1232095 111.5 7.4446e-08 6.5961e-08
1232096 112.0 6.9146e-08 5.7209e-08
1232097 112.5 6.4312e-08 5.2685e-08
1232098 113.0 5.9892e-08 4.9924e-08
1232099 113.5 5.5844e-08 4.79e-08
1232100 114.0 5.2129e-08 4.3077e-08
1232101 114.5 4.8712e-08 4.148e-08
1232102 115.0 4.5565e-08 3.9284e-08
1232103 115.5 4.2658e-08 3.8746e-08
1232104 116.0 3.9975e-08 3.698e-08
1232105 116.5 3.7495e-08 3.6666e-08
1232106 117.0 3.5199e-08 3.3276e-08
1232107 117.5 3.307e-08 3.1568e-08
1232108 118.0 3.1094e-08 3.0009e-08
1232109 118.5 2.9258e-08 2.9142e-08
1232110 119.0 2.755e-08 2.7819e-08
1232111 119.5 2.5959e-08 2.5749e-08
1232112 120.0 2.4476e-08 2.3646e-08
1232113 120.5 2.3096e-08 2.2059e-08
1232114 121.0 2.1815e-08 2.0326e-08
1232115 121.5 2.0624e-08 1.9313e-08
1232116 122.0 1.9516e-08 1.7733e-08
1232117 122.5 1.8484e-08 1.6529e-08
1232118 123.0 1.7523e-08 1.5368e-08
1232119 123.5 1.6627e-08 1.4912e-08
1232120 124.0 1.579e-08 1.385e-08
1232121 124.5 1.5009e-08 1.3781e-08
1232122 125.0 1.4278e-08 1.3039e-08
1232123 125.5 1.3595e-08 1.2185e-08
1232124 126.0 1.2955e-08 1.1795e-08
1232125 126.5 1.2355e-08 1.0688e-08
1232126 127.0 1.1792e-08 1.0388e-08
1232127 127.5 1.1263e-08 9.9904e-09
1232128 128.0 1.0766e-08 9.6167e-09
1232129 128.5 1.0298e-08 9.3425e-09
1232130 129.0 9.8578e-09 9.0215e-09
1232131 129.5 9.4426e-09 8.2169e-09
1232132 130.0 9.0509e-09 8.0432e-09
1232133 130.5 8.681e-09 7.7018e-09
1232134 131.0 8.3315e-09 7.281e-09
1232135 131.5 8.001e-09 7.1804e-09
1232136 132.0 7.6883e-09 7.0352e-09
1232137 132.5 7.392e-09 6.9719e-09
1232138 133.0 7.1112e-09 6.7503e-09
1232139 133.5 6.8449e-09 6.3783e-09
1232140 134.0 6.5921e-09 6.416e-09
1232141 134.5 6.3521e-09 6.1067e-09
1232142 135.0 6.1239e-09 6.0893e-09
1232143 135.5 5.9069e-09 5.9828e-09
1232144 136.0 5.7004e-09 5.6985e-09
1232145 136.5 5.5037e-09 5.3873e-09
1232146 137.0 5.3163e-09 5.0503e-09
1232147 137.5 5.1377e-09 4.8902e-09
1232148 138.0 4.9673e-09 4.7852e-09
1232149 138.5 4.8046e-09 4.6474e-09
1232150 139.0 4.6493e-09 4.738e-09
1232151 139.5 4.5009e-09 4.5259e-09
1232152 140.0 4.3589e-09 4.3885e-09
1232153 140.5 4.2232e-09 4.301e-09
1232154 141.0 4.0932e-09 4.2732e-09
1232155 141.5 3.9688e-09 4.0991e-09
1232156 142.0 3.8496e-09 4.0012e-09
1232157 142.5 3.7353e-09 4.0351e-09
1232158 143.0 3.6258e-09 4.029e-09
1232159 143.5 3.5206e-09 3.8398e-09
1232160 144.0 3.4197e-09 3.7132e-09
1232161 144.5 3.3228e-09 3.5301e-09
1232162 145.0 3.2297e-09 3.4924e-09
1232163 145.5 3.1402e-09 3.2881e-09
1232164 146.0 3.0542e-09 3.1342e-09
1232165 146.5 2.9714e-09 3.0832e-09
1232166 147.0 2.8918e-09 2.9265e-09
1232167 147.5 2.8151e-09 2.8301e-09
1232168 148.0 2.7412e-09 2.7499e-09
1232169 148.5 2.67e-09 2.7412e-09
1232170 149.0 2.6014e-09 2.6891e-09
1232171 149.5 2.5352e-09 2.6106e-09
1232172 150.0 2.4714e-09 2.5598e-09
1232173 150.5 2.4098e-09 2.4978e-09
1232174 151.0 2.3504e-09 2.4068e-09
1232175 151.5 2.293e-09 2.331e-09
1232176 152.0 2.2375e-09 2.2739e-09
1232177 152.5 2.1839e-09 2.1923e-09
1232178 153.0 2.1321e-09 2.1508e-09
1232179 153.5 2.082e-09 2.0902e-09
1232180 154.0 2.0335e-09 2.0398e-09
1232181 154.5 1.9866e-09 1.9252e-09
1232182 155.0 1.9413e-09 1.8983e-09
1232183 155.5 1.8973e-09 1.8317e-09
1232184 156.0 1.8547e-09 1.8233e-09
1232185 156.5 1.8135e-09 1.7555e-09
1232186 157.0 1.7735e-09 1.7445e-09
1232187 157.5 1.7348e-09 1.6968e-09
1232188 158.0 1.6972e-09 1.6755e-09
1232189 158.5 1.6608e-09 1.6731e-09
1232190 159.0 1.6255e-09 1.6745e-09
1232191 159.5 1.5911e-09 1.6383e-09
1232192 160.0 1.5578e-09 1.6033e-09
1232193 160.5 1.5255e-09 1.6244e-09
1232194 161.0 1.4941e-09 1.6289e-09
1232195 161.5 1.4636e-09 1.5804e-09
1232196 162.0 1.434e-09 1.5265e-09
1232197 162.5 1.4051e-09 1.4576e-09
1232198 163.0 1.3771e-09 1.4066e-09
1232199 163.5 1.3499e-09 1.3444e-09
1232200 164.0 1.3234e-09 1.2987e-09
1232201 164.5 1.2976e-09 1.2615e-09
1232202 165.0 1.2725e-09 1.2452e-09
1232203 165.5 1.2481e-09 1.2499e-09
1232204 166.0 1.2243e-09 1.192e-09
1232205 166.5 1.2012e-09 1.1289e-09
1232206 167.0 1.1786e-09 1.1059e-09
1232207 167.5 1.1567e-09 1.0615e-09
1232208 168.0 1.1353e-09 1.0447e-09
1232209 168.5 1.1144e-09 1.0524e-09
1232210 169.0 1.0941e-09 1.0101e-09
1232211 169.5 1.0743e-09 9.5696e-10
1232212 170.0 1.055e-09 9.2261e-10
1232213 170.5 1.0361e-09 9.2857e-10
1232214 171.0 1.0177e-09 9.0584e-10
1232215 171.5 9.9978e-10 9.0333e-10
1232216 172.0 9.8227e-10 9.1831e-10
1232217 172.5 9.6518e-10 9.058e-10
1232218 173.0 9.485e-10 8.9596e-10
1232219 173.5 9.3221e-10 8.7076e-10
1232220 174.0 9.163e-10 8.6794e-10
1232221 174.5 9.0076e-10 8.3751e-10
1232222 175.0 8.8558e-10 8.3676e-10
1232223 175.5 8.7075e-10 8.4453e-10
1232224 176.0 8.5626e-10 8.1279e-10
1232225 176.5 8.4209e-10 7.945e-10
1232226 177.0 8.2824e-10 7.9087e-10
1232227 177.5 8.1471e-10 7.9312e-10
1232228 178.0 8.0147e-10 7.8194e-10
1232229 178.5 7.8852e-10 7.6862e-10
1232230 179.0 7.7586e-10 7.6538e-10
1232231 179.5 7.6347e-10 7.7361e-10
1232232 180.0 7.5134e-10 7.5038e-10
1232233 180.5 7.3948e-10 7.3472e-10
1232234 181.0 7.2787e-10 7.0166e-10
1232235 181.5 7.1651e-10 7.0871e-10
1232236 182.0 7.0539e-10 6.8547e-10
1232237 182.5 6.945e-10 6.7028e-10
1232238 183.0 6.8383e-10 6.6941e-10
1232239 183.5 6.7339e-10 6.6521e-10
1232240 184.0 6.6315e-10 6.5068e-10
1232241 184.5 6.5313e-10 6.4276e-10
1232242 185.0 6.4331e-10 6.3339e-10
1232243 185.5 6.3369e-10 6.1713e-10
1232244 186.0 6.2426e-10 6.013e-10
1232245 186.5 6.1502e-10 5.844e-10
1232246 187.0 6.0596e-10 6.0514e-10
1232247 187.5 5.9708e-10 5.8697e-10
1232248 188.0 5.8838e-10 5.6749e-10
1232249 188.5 5.7984e-10 5.6859e-10
1232250 189.0 5.7147e-10 5.6065e-10
1232251 189.5 5.6326e-10 5.5878e-10
1232252 190.0 5.5521e-10 5.4311e-10
1232253 190.5 5.473e-10 5.2462e-10
1232254 191.0 5.3955e-10 5.132e-10
1232255 191.5 5.3195e-10 4.9633e-10
1232256 192.0 5.2448e-10 4.9949e-10
1232257 192.5 5.1716e-10 4.9619e-10
1232258 193.0 5.0997e-10 4.9207e-10
1232259 193.5 5.0292e-10 4.9038e-10
1232260 194.0 4.9599e-10 4.8485e-10
1232261 194.5 4.8919e-10 4.8352e-10
1232262 195.0 4.8251e-10 4.7902e-10
1232263 195.5 4.7595e-10 4.8574e-10
1232264 196.0 4.6951e-10 4.7677e-10
1232265 196.5 4.6319e-10 4.7606e-10
1232266 197.0 4.5697e-10 4.6843e-10
1232267 197.5 4.5087e-10 4.6389e-10
1232268 198.0 4.4487e-10 4.4884e-10
1232269 198.5 4.3898e-10 4.3816e-10
1232270 199.0 4.3319e-10 4.3958e-10
1232271 199.5 4.275e-10 4.2702e-10
1232272 200.0 4.2191e-10 4.069e-10
