 Hgtkm DensMean DensPert
1304453 0.0 1.1656 1.1703
1304454 0.5 1.1117 1.1204
1304455 1.0 1.06 1.0718
1304456 1.5 1.0101 1.0156
1304457 2.0 0.96405 0.97727
1304458 2.5 0.91875 0.9363
1304459 3.0 0.87485 0.88915
1304460 3.5 0.83389 0.84829
1304461 4.0 0.79521 0.80576
1304462 4.5 0.75791 0.76741
1304463 5.0 0.72062 0.72951
1304464 5.5 0.68516 0.6958
1304465 6.0 0.65099 0.6606
1304466 6.5 0.61753 0.62837
1304467 7.0 0.5858 0.59644
1304468 7.5 0.5557 0.5657
1304469 8.0 0.52637 0.53543
1304470 8.5 0.49854 0.50669
1304471 9.0 0.47219 0.47954
1304472 9.5 0.44723 0.45343
1304473 10.0 0.42223 0.42737
1304474 10.5 0.39833 0.40298
1304475 11.0 0.37498 0.3778
1304476 11.5 0.35148 0.35512
1304477 12.0 0.32946 0.33443
1304478 12.5 0.30821 0.31008
1304479 13.0 0.2875 0.29
1304480 13.5 0.26819 0.26942
1304481 14.0 0.25018 0.25108
1304482 14.5 0.23224 0.2337
1304483 15.0 0.21522 0.21644
1304484 15.5 0.19945 0.19733
1304485 16.0 0.18484 0.18359
1304486 16.5 0.1713 0.17052
1304487 17.0 0.15766 0.15619
1304488 17.5 0.14477 0.14244
1304489 18.0 0.13294 0.13086
1304490 18.5 0.12208 0.12111
1304491 19.0 0.11216 0.11085
1304492 19.5 0.10313 0.10139
1304493 20.0 0.09483 0.093296
1304494 20.5 0.087198 0.085953
1304495 21.0 0.080207 0.079368
1304496 21.5 0.073926 0.073021
1304497 22.0 0.068138 0.066992
1304498 22.5 0.062804 0.061816
1304499 23.0 0.057888 0.057077
1304500 23.5 0.053357 0.052563
1304501 24.0 0.049182 0.048686
1304502 24.5 0.045387 0.044747
1304503 25.0 0.041919 0.041168
1304504 25.5 0.038717 0.038094
1304505 26.0 0.035759 0.035318
1304506 26.5 0.033028 0.03259
1304507 27.0 0.030517 0.030167
1304508 27.5 0.028214 0.027888
1304509 28.0 0.02607 0.025842
1304510 28.5 0.024079 0.023826
1304511 29.0 0.022235 0.021965
1304512 29.5 0.020534 0.020221
1304513 30.0 0.018972 0.018686
1304514 30.5 0.017528 0.017144
1304515 31.0 0.016206 0.015925
1304516 31.5 0.014997 0.014776
1304517 32.0 0.013887 0.013679
1304518 32.5 0.012864 0.012789
1304519 33.0 0.01192 0.01193
1304520 33.5 0.011049 0.011046
1304521 34.0 0.010245 0.010192
1304522 34.5 0.0095026 0.0094027
1304523 35.0 0.0088171 0.0088012
1304524 35.5 0.0081759 0.0082336
1304525 36.0 0.0075843 0.0076595
1304526 36.5 0.0070383 0.0070924
1304527 37.0 0.0065342 0.0065506
1304528 37.5 0.0060686 0.0061428
1304529 38.0 0.0056384 0.0056664
1304530 38.5 0.0052406 0.0053003
1304531 39.0 0.0048728 0.0049409
1304532 39.5 0.0045324 0.0046463
1304533 40.0 0.0042174 0.0044138
1304534 40.5 0.0039312 0.0041296
1304535 41.0 0.0036655 0.0038155
1304536 41.5 0.0034187 0.0035474
1304537 42.0 0.0031894 0.0033097
1304538 42.5 0.0029763 0.0030847
1304539 43.0 0.0027781 0.0028449
1304540 43.5 0.0025939 0.0026708
1304541 44.0 0.0024226 0.0025109
1304542 44.5 0.0022632 0.0023717
1304543 45.0 0.0021148 0.0022246
1304544 45.5 0.001983 0.002126
1304545 46.0 0.0018594 0.0019982
1304546 46.5 0.0017437 0.001862
1304547 47.0 0.0016352 0.0017631
1304548 47.5 0.0015336 0.001679
1304549 48.0 0.0014384 0.0015478
1304550 48.5 0.0013491 0.0014656
1304551 49.0 0.0012654 0.0013758
1304552 49.5 0.001187 0.0012677
1304553 50.0 0.0011135 0.0011743
1304554 50.5 0.0010487 0.0011271
1304555 51.0 0.00098743 0.0010596
1304556 51.5 0.00092954 0.0010102
1304557 52.0 0.00087485 0.00096056
1304558 52.5 0.00082321 0.00091311
1304559 53.0 0.00077443 0.00085637
1304560 53.5 0.00072839 0.00078958
1304561 54.0 0.00068493 0.00073831
1304562 54.5 0.00064391 0.00070045
1304563 55.0 0.00060522 0.00064981
1304564 55.5 0.00056946 0.00062215
1304565 56.0 0.00053563 0.00058015
1304566 56.5 0.00050363 0.00054252
1304567 57.0 0.00047338 0.00052628
1304568 57.5 0.0004448 0.0004877
1304569 58.0 0.00041778 0.000468
1304570 58.5 0.00039227 0.00043528
1304571 59.0 0.00036818 0.0004095
1304572 59.5 0.00034544 0.00038532
1304573 60.0 0.00032399 0.00036825
1304574 60.5 0.00030372 0.00034114
1304575 61.0 0.00028463 0.00032588
1304576 61.5 0.00026664 0.00031791
1304577 62.0 0.00024971 0.00029733
1304578 62.5 0.00023377 0.00027628
1304579 63.0 0.00021877 0.00025644
1304580 63.5 0.00020467 0.00023644
1304581 64.0 0.0001914 0.00022007
1304582 64.5 0.00017893 0.00020391
1304583 65.0 0.00016721 0.00018579
1304584 65.5 0.0001562 0.00017114
1304585 66.0 0.00014585 0.00016251
1304586 66.5 0.00013614 0.00015323
1304587 67.0 0.00012702 0.00014052
1304588 67.5 0.00011847 0.00013094
1304589 68.0 0.00011044 0.00012172
1304590 68.5 0.00010291 0.00011086
1304591 69.0 9.586e-05 0.00010359
1304592 69.5 8.9252e-05 9.593e-05
1304593 70.0 8.3063e-05 8.9712e-05
1304594 70.5 7.7163e-05 8.4249e-05
1304595 71.0 7.1662e-05 7.7807e-05
1304596 71.5 6.6533e-05 7.3139e-05
1304597 72.0 6.1754e-05 6.7288e-05
1304598 72.5 5.73e-05 6.0703e-05
1304599 73.0 5.3152e-05 5.5301e-05
1304600 73.5 4.929e-05 5.1612e-05
1304601 74.0 4.5694e-05 4.7668e-05
1304602 74.5 4.2348e-05 4.444e-05
1304603 75.0 3.9234e-05 4.0854e-05
1304604 75.5 3.6322e-05 3.7922e-05
1304605 76.0 3.362e-05 3.5482e-05
1304606 76.5 3.1114e-05 3.2636e-05
1304607 77.0 2.879e-05 3.0049e-05
1304608 77.5 2.6635e-05 2.8044e-05
1304609 78.0 2.4638e-05 2.612e-05
1304610 78.5 2.2786e-05 2.4465e-05
1304611 79.0 2.107e-05 2.2835e-05
1304612 79.5 1.948e-05 2.1441e-05
1304613 80.0 1.8007e-05 1.9644e-05
1304614 80.5 1.6666e-05 1.7532e-05
1304615 81.0 1.5421e-05 1.6609e-05
1304616 81.5 1.4266e-05 1.4723e-05
1304617 82.0 1.3195e-05 1.3609e-05
1304618 82.5 1.2201e-05 1.2375e-05
1304619 83.0 1.1279e-05 1.1477e-05
1304620 83.5 1.0424e-05 1.0595e-05
1304621 84.0 9.6315e-06 9.7538e-06
1304622 84.5 8.8972e-06 9.098e-06
1304623 85.0 8.2168e-06 8.4129e-06
1304624 85.5 7.5691e-06 7.7175e-06
1304625 86.0 6.9703e-06 7.1221e-06
1304626 86.5 6.4168e-06 7.0302e-06
1304627 87.0 5.9053e-06 6.3575e-06
1304628 87.5 5.4329e-06 6.0074e-06
1304629 88.0 4.9967e-06 5.5431e-06
1304630 88.5 4.5939e-06 5.0854e-06
1304631 89.0 4.2223e-06 4.7476e-06
1304632 89.5 3.8794e-06 4.3446e-06
1304633 90.0 3.5632e-06 4.0186e-06
1304634 90.5 3.2661e-06 3.6328e-06
1304635 91.0 2.9921e-06 3.3461e-06
1304636 91.5 2.7394e-06 2.9879e-06
1304637 92.0 2.5064e-06 2.6916e-06
1304638 92.5 2.2918e-06 2.5517e-06
1304639 93.0 2.0942e-06 2.3328e-06
1304640 93.5 1.9124e-06 2.0357e-06
1304641 94.0 1.7451e-06 1.8205e-06
1304642 94.5 1.5915e-06 1.7102e-06
1304643 95.0 1.4504e-06 1.506e-06
1304644 95.5 1.3156e-06 1.3215e-06
1304645 96.0 1.1938e-06 1.2639e-06
1304646 96.5 1.0837e-06 1.1192e-06
1304647 97.0 9.8411e-07 1.0091e-06
1304648 97.5 8.94e-07 8.947e-07
1304649 98.0 8.1243e-07 8.542e-07
1304650 98.5 7.3857e-07 7.9603e-07
1304651 99.0 6.7167e-07 7.5609e-07
1304652 99.5 6.1105e-07 6.647e-07
1304653 100.0 5.5611e-07 6.2617e-07
1304654 100.5 5.0368e-07 5.8245e-07
1304655 101.0 4.5678e-07 5.2734e-07
1304656 101.5 4.1476e-07 4.6474e-07
1304657 102.0 3.7705e-07 3.9588e-07
1304658 102.5 3.4316e-07 3.6859e-07
1304659 103.0 3.1267e-07 3.4566e-07
1304660 103.5 2.852e-07 3.1122e-07
1304661 104.0 2.6042e-07 2.7646e-07
1304662 104.5 2.3804e-07 2.5188e-07
1304663 105.0 2.1782e-07 2.213e-07
1304664 105.5 1.9878e-07 2.0443e-07
1304665 106.0 1.8174e-07 1.8921e-07
1304666 106.5 1.6645e-07 1.7083e-07
1304667 107.0 1.5269e-07 1.6781e-07
1304668 107.5 1.4029e-07 1.4648e-07
1304669 108.0 1.2908e-07 1.3142e-07
1304670 108.5 1.1894e-07 1.181e-07
1304671 109.0 1.0974e-07 1.1188e-07
1304672 109.5 1.0139e-07 1.033e-07
1304673 110.0 9.3782e-08 9.5217e-08
1304674 110.5 8.6689e-08 9.12e-08
1304675 111.0 8.027e-08 8.4595e-08
1304676 111.5 7.4446e-08 7.667e-08
1304677 112.0 6.9146e-08 7.2376e-08
1304678 112.5 6.4312e-08 6.5086e-08
1304679 113.0 5.9892e-08 6.0916e-08
1304680 113.5 5.5844e-08 5.6458e-08
1304681 114.0 5.2129e-08 5.3892e-08
1304682 114.5 4.8712e-08 4.7249e-08
1304683 115.0 4.5565e-08 4.4853e-08
1304684 115.5 4.2658e-08 4.2373e-08
1304685 116.0 3.9975e-08 4.0848e-08
1304686 116.5 3.7495e-08 3.6534e-08
1304687 117.0 3.5199e-08 3.42e-08
1304688 117.5 3.307e-08 3.1806e-08
1304689 118.0 3.1094e-08 3.0731e-08
1304690 118.5 2.9258e-08 2.9099e-08
1304691 119.0 2.755e-08 2.8153e-08
1304692 119.5 2.5959e-08 2.6594e-08
1304693 120.0 2.4476e-08 2.4836e-08
1304694 120.5 2.3096e-08 2.3614e-08
1304695 121.0 2.1815e-08 2.2732e-08
1304696 121.5 2.0624e-08 2.1258e-08
1304697 122.0 1.9516e-08 2.016e-08
1304698 122.5 1.8484e-08 1.9104e-08
1304699 123.0 1.7523e-08 1.823e-08
1304700 123.5 1.6627e-08 1.7876e-08
1304701 124.0 1.579e-08 1.7197e-08
1304702 124.5 1.5009e-08 1.6e-08
1304703 125.0 1.4278e-08 1.5197e-08
1304704 125.5 1.3595e-08 1.4486e-08
1304705 126.0 1.2955e-08 1.3394e-08
1304706 126.5 1.2355e-08 1.3077e-08
1304707 127.0 1.1792e-08 1.2772e-08
1304708 127.5 1.1263e-08 1.2186e-08
1304709 128.0 1.0766e-08 1.1745e-08
1304710 128.5 1.0298e-08 1.1168e-08
1304711 129.0 9.8578e-09 1.0879e-08
1304712 129.5 9.4426e-09 1.0578e-08
1304713 130.0 9.0509e-09 9.8429e-09
1304714 130.5 8.681e-09 9.3572e-09
1304715 131.0 8.3315e-09 9.0029e-09
1304716 131.5 8.001e-09 8.6232e-09
1304717 132.0 7.6883e-09 8.2848e-09
1304718 132.5 7.392e-09 7.6859e-09
1304719 133.0 7.1112e-09 7.3067e-09
1304720 133.5 6.8449e-09 7.1329e-09
1304721 134.0 6.5921e-09 6.7552e-09
1304722 134.5 6.3521e-09 6.7324e-09
1304723 135.0 6.1239e-09 6.2086e-09
1304724 135.5 5.9069e-09 6.0056e-09
1304725 136.0 5.7004e-09 5.8959e-09
1304726 136.5 5.5037e-09 5.3586e-09
1304727 137.0 5.3163e-09 5.151e-09
1304728 137.5 5.1377e-09 4.8628e-09
1304729 138.0 4.9673e-09 4.5999e-09
1304730 138.5 4.8046e-09 4.4364e-09
1304731 139.0 4.6493e-09 4.4256e-09
1304732 139.5 4.5009e-09 4.3409e-09
1304733 140.0 4.3589e-09 4.1812e-09
1304734 140.5 4.2232e-09 4.2434e-09
1304735 141.0 4.0932e-09 4.1316e-09
1304736 141.5 3.9688e-09 3.9208e-09
1304737 142.0 3.8496e-09 3.8229e-09
1304738 142.5 3.7353e-09 3.7434e-09
1304739 143.0 3.6258e-09 3.6809e-09
1304740 143.5 3.5206e-09 3.5761e-09
1304741 144.0 3.4197e-09 3.5225e-09
1304742 144.5 3.3228e-09 3.5184e-09
1304743 145.0 3.2297e-09 3.5466e-09
1304744 145.5 3.1402e-09 3.3888e-09
1304745 146.0 3.0542e-09 3.3468e-09
1304746 146.5 2.9714e-09 3.2394e-09
1304747 147.0 2.8918e-09 3.0542e-09
1304748 147.5 2.8151e-09 2.97e-09
1304749 148.0 2.7412e-09 2.9396e-09
1304750 148.5 2.67e-09 2.8008e-09
1304751 149.0 2.6014e-09 2.7735e-09
1304752 149.5 2.5352e-09 2.7067e-09
1304753 150.0 2.4714e-09 2.6682e-09
1304754 150.5 2.4098e-09 2.5836e-09
1304755 151.0 2.3504e-09 2.503e-09
1304756 151.5 2.293e-09 2.4575e-09
1304757 152.0 2.2375e-09 2.3821e-09
1304758 152.5 2.1839e-09 2.2886e-09
1304759 153.0 2.1321e-09 2.2611e-09
1304760 153.5 2.082e-09 2.214e-09
1304761 154.0 2.0335e-09 2.1257e-09
1304762 154.5 1.9866e-09 2.018e-09
1304763 155.0 1.9413e-09 1.9281e-09
1304764 155.5 1.8973e-09 1.9397e-09
1304765 156.0 1.8547e-09 1.8899e-09
1304766 156.5 1.8135e-09 1.8167e-09
1304767 157.0 1.7735e-09 1.7591e-09
1304768 157.5 1.7348e-09 1.6857e-09
1304769 158.0 1.6972e-09 1.6631e-09
1304770 158.5 1.6608e-09 1.6152e-09
1304771 159.0 1.6255e-09 1.5775e-09
1304772 159.5 1.5911e-09 1.5076e-09
1304773 160.0 1.5578e-09 1.4677e-09
1304774 160.5 1.5255e-09 1.4147e-09
1304775 161.0 1.4941e-09 1.3675e-09
1304776 161.5 1.4636e-09 1.3513e-09
1304777 162.0 1.434e-09 1.3292e-09
1304778 162.5 1.4051e-09 1.3321e-09
1304779 163.0 1.3771e-09 1.2991e-09
1304780 163.5 1.3499e-09 1.2678e-09
1304781 164.0 1.3234e-09 1.2348e-09
1304782 164.5 1.2976e-09 1.2612e-09
1304783 165.0 1.2725e-09 1.2641e-09
1304784 165.5 1.2481e-09 1.2277e-09
1304785 166.0 1.2243e-09 1.1837e-09
1304786 166.5 1.2012e-09 1.1353e-09
1304787 167.0 1.1786e-09 1.1153e-09
1304788 167.5 1.1567e-09 1.1082e-09
1304789 168.0 1.1353e-09 1.0953e-09
1304790 168.5 1.1144e-09 1.0861e-09
1304791 169.0 1.0941e-09 1.0845e-09
1304792 169.5 1.0743e-09 1.1106e-09
1304793 170.0 1.055e-09 1.0608e-09
1304794 170.5 1.0361e-09 1.0257e-09
1304795 171.0 1.0177e-09 1.0139e-09
1304796 171.5 9.9978e-10 9.7361e-10
1304797 172.0 9.8227e-10 9.8861e-10
1304798 172.5 9.6518e-10 9.6609e-10
1304799 173.0 9.485e-10 9.582e-10
1304800 173.5 9.3221e-10 9.4048e-10
1304801 174.0 9.163e-10 9.3478e-10
1304802 174.5 9.0076e-10 9.1549e-10
1304803 175.0 8.8558e-10 8.9386e-10
1304804 175.5 8.7075e-10 8.9407e-10
1304805 176.0 8.5626e-10 8.6306e-10
1304806 176.5 8.4209e-10 8.3649e-10
1304807 177.0 8.2824e-10 8.4951e-10
1304808 177.5 8.1471e-10 8.4221e-10
1304809 178.0 8.0147e-10 8.2523e-10
1304810 178.5 7.8852e-10 8.0236e-10
1304811 179.0 7.7586e-10 7.8432e-10
1304812 179.5 7.6347e-10 7.7309e-10
1304813 180.0 7.5134e-10 7.4984e-10
1304814 180.5 7.3948e-10 7.2014e-10
1304815 181.0 7.2787e-10 7.2926e-10
1304816 181.5 7.1651e-10 7.1587e-10
1304817 182.0 7.0539e-10 6.8821e-10
1304818 182.5 6.945e-10 6.9311e-10
1304819 183.0 6.8383e-10 6.8423e-10
1304820 183.5 6.7339e-10 6.852e-10
1304821 184.0 6.6315e-10 6.8213e-10
1304822 184.5 6.5313e-10 6.6727e-10
1304823 185.0 6.4331e-10 6.6226e-10
1304824 185.5 6.3369e-10 6.5738e-10
1304825 186.0 6.2426e-10 6.4808e-10
1304826 186.5 6.1502e-10 6.4116e-10
1304827 187.0 6.0596e-10 6.2536e-10
1304828 187.5 5.9708e-10 6.1532e-10
1304829 188.0 5.8838e-10 5.9673e-10
1304830 188.5 5.7984e-10 5.9189e-10
1304831 189.0 5.7147e-10 5.73e-10
1304832 189.5 5.6326e-10 5.7594e-10
1304833 190.0 5.5521e-10 5.7913e-10
1304834 190.5 5.473e-10 5.619e-10
1304835 191.0 5.3955e-10 5.4268e-10
1304836 191.5 5.3195e-10 5.4374e-10
1304837 192.0 5.2448e-10 5.3696e-10
1304838 192.5 5.1716e-10 5.2935e-10
1304839 193.0 5.0997e-10 5.371e-10
1304840 193.5 5.0292e-10 5.2246e-10
1304841 194.0 4.9599e-10 5.0013e-10
1304842 194.5 4.8919e-10 4.8508e-10
1304843 195.0 4.8251e-10 4.7261e-10
1304844 195.5 4.7595e-10 4.6154e-10
1304845 196.0 4.6951e-10 4.6174e-10
1304846 196.5 4.6319e-10 4.5634e-10
1304847 197.0 4.5697e-10 4.5486e-10
1304848 197.5 4.5087e-10 4.4962e-10
1304849 198.0 4.4487e-10 4.5456e-10
1304850 198.5 4.3898e-10 4.4266e-10
1304851 199.0 4.3319e-10 4.2901e-10
1304852 199.5 4.275e-10 4.1979e-10
1304853 200.0 4.2191e-10 4.0823e-10
