 Hgtkm DensMean DensPert
1408312 0.0 1.1656 1.1958
1408313 0.5 1.1117 1.1251
1408314 1.0 1.06 1.0619
1408315 1.5 1.0101 1.0364
1408316 2.0 0.96405 0.97651
1408317 2.5 0.91875 0.93517
1408318 3.0 0.87485 0.90308
1408319 3.5 0.83389 0.86947
1408320 4.0 0.79521 0.82343
1408321 4.5 0.75791 0.78915
1408322 5.0 0.72062 0.73931
1408323 5.5 0.68516 0.6944
1408324 6.0 0.65099 0.66402
1408325 6.5 0.61753 0.6317
1408326 7.0 0.5858 0.60283
1408327 7.5 0.5557 0.56758
1408328 8.0 0.52637 0.53302
1408329 8.5 0.49854 0.50335
1408330 9.0 0.47219 0.46952
1408331 9.5 0.44723 0.44466
1408332 10.0 0.42223 0.41978
1408333 10.5 0.39833 0.39677
1408334 11.0 0.37498 0.37353
1408335 11.5 0.35148 0.34966
1408336 12.0 0.32946 0.3265
1408337 12.5 0.30821 0.30571
1408338 13.0 0.2875 0.28465
1408339 13.5 0.26819 0.26555
1408340 14.0 0.25018 0.24838
1408341 14.5 0.23224 0.23128
1408342 15.0 0.21522 0.21397
1408343 15.5 0.19945 0.19654
1408344 16.0 0.18484 0.18207
1408345 16.5 0.1713 0.16659
1408346 17.0 0.15766 0.15373
1408347 17.5 0.14477 0.14054
1408348 18.0 0.13294 0.12926
1408349 18.5 0.12208 0.12113
1408350 19.0 0.11216 0.11098
1408351 19.5 0.10313 0.10181
1408352 20.0 0.09483 0.09392
1408353 20.5 0.087198 0.086018
1408354 21.0 0.080207 0.079113
1408355 21.5 0.073926 0.072857
1408356 22.0 0.068138 0.067849
1408357 22.5 0.062804 0.062512
1408358 23.0 0.057888 0.057715
1408359 23.5 0.053357 0.052972
1408360 24.0 0.049182 0.048954
1408361 24.5 0.045387 0.044895
1408362 25.0 0.041919 0.04164
1408363 25.5 0.038717 0.038383
1408364 26.0 0.035759 0.035471
1408365 26.5 0.033028 0.032947
1408366 27.0 0.030517 0.030504
1408367 27.5 0.028214 0.028244
1408368 28.0 0.02607 0.025958
1408369 28.5 0.024079 0.023917
1408370 29.0 0.022235 0.022138
1408371 29.5 0.020534 0.02037
1408372 30.0 0.018972 0.018913
1408373 30.5 0.017528 0.017419
1408374 31.0 0.016206 0.016134
1408375 31.5 0.014997 0.015058
1408376 32.0 0.013887 0.014097
1408377 32.5 0.012864 0.012927
1408378 33.0 0.01192 0.012086
1408379 33.5 0.011049 0.011337
1408380 34.0 0.010245 0.010546
1408381 34.5 0.0095026 0.0098264
1408382 35.0 0.0088171 0.009145
1408383 35.5 0.0081759 0.0085
1408384 36.0 0.0075843 0.0079004
1408385 36.5 0.0070383 0.0072179
1408386 37.0 0.0065342 0.006738
1408387 37.5 0.0060686 0.0062126
1408388 38.0 0.0056384 0.0057689
1408389 38.5 0.0052406 0.0053803
1408390 39.0 0.0048728 0.0049555
1408391 39.5 0.0045324 0.0046364
1408392 40.0 0.0042174 0.0043522
1408393 40.5 0.0039312 0.0040513
1408394 41.0 0.0036655 0.0037992
1408395 41.5 0.0034187 0.0035652
1408396 42.0 0.0031894 0.0033971
1408397 42.5 0.0029763 0.0030871
1408398 43.0 0.0027781 0.0028806
1408399 43.5 0.0025939 0.002671
1408400 44.0 0.0024226 0.0024811
1408401 44.5 0.0022632 0.0023247
1408402 45.0 0.0021148 0.0021814
1408403 45.5 0.001983 0.0020453
1408404 46.0 0.0018594 0.0019366
1408405 46.5 0.0017437 0.0018086
1408406 47.0 0.0016352 0.0017075
1408407 47.5 0.0015336 0.0016099
1408408 48.0 0.0014384 0.0015197
1408409 48.5 0.0013491 0.0014075
1408410 49.0 0.0012654 0.0013241
1408411 49.5 0.001187 0.0012337
1408412 50.0 0.0011135 0.0011313
1408413 50.5 0.0010487 0.0010543
1408414 51.0 0.00098743 0.0010111
1408415 51.5 0.00092954 0.00098249
1408416 52.0 0.00087485 0.00092934
1408417 52.5 0.00082321 0.00086125
1408418 53.0 0.00077443 0.00081349
1408419 53.5 0.00072839 0.00075109
1408420 54.0 0.00068493 0.00070149
1408421 54.5 0.00064391 0.00064824
1408422 55.0 0.00060522 0.00060131
1408423 55.5 0.00056946 0.0005854
1408424 56.0 0.00053563 0.00054673
1408425 56.5 0.00050363 0.00051077
1408426 57.0 0.00047338 0.00048062
1408427 57.5 0.0004448 0.00045767
1408428 58.0 0.00041778 0.0004285
1408429 58.5 0.00039227 0.00040832
1408430 59.0 0.00036818 0.00038568
1408431 59.5 0.00034544 0.00036057
1408432 60.0 0.00032399 0.00033738
1408433 60.5 0.00030372 0.00031122
1408434 61.0 0.00028463 0.00028848
1408435 61.5 0.00026664 0.00027603
1408436 62.0 0.00024971 0.00024932
1408437 62.5 0.00023377 0.00023294
1408438 63.0 0.00021877 0.00021952
1408439 63.5 0.00020467 0.00020775
1408440 64.0 0.0001914 0.00019238
1408441 64.5 0.00017893 0.00018183
1408442 65.0 0.00016721 0.00017265
1408443 65.5 0.0001562 0.00015694
1408444 66.0 0.00014585 0.00015027
1408445 66.5 0.00013614 0.00013661
1408446 67.0 0.00012702 0.00012755
1408447 67.5 0.00011847 0.00011718
1408448 68.0 0.00011044 0.00010798
1408449 68.5 0.00010291 9.9902e-05
1408450 69.0 9.586e-05 9.1638e-05
1408451 69.5 8.9252e-05 8.7448e-05
1408452 70.0 8.3063e-05 8.1621e-05
1408453 70.5 7.7163e-05 7.6169e-05
1408454 71.0 7.1662e-05 7.0641e-05
1408455 71.5 6.6533e-05 6.4504e-05
1408456 72.0 6.1754e-05 5.9263e-05
1408457 72.5 5.73e-05 5.52e-05
1408458 73.0 5.3152e-05 4.9086e-05
1408459 73.5 4.929e-05 4.6826e-05
1408460 74.0 4.5694e-05 4.3199e-05
1408461 74.5 4.2348e-05 3.9222e-05
1408462 75.0 3.9234e-05 3.6302e-05
1408463 75.5 3.6322e-05 3.4334e-05
1408464 76.0 3.362e-05 3.1187e-05
1408465 76.5 3.1114e-05 2.9773e-05
1408466 77.0 2.879e-05 2.7004e-05
1408467 77.5 2.6635e-05 2.5594e-05
1408468 78.0 2.4638e-05 2.4048e-05
1408469 78.5 2.2786e-05 2.2784e-05
1408470 79.0 2.107e-05 2.0609e-05
1408471 79.5 1.948e-05 1.885e-05
1408472 80.0 1.8007e-05 1.7058e-05
1408473 80.5 1.6666e-05 1.5713e-05
1408474 81.0 1.5421e-05 1.4471e-05
1408475 81.5 1.4266e-05 1.3523e-05
1408476 82.0 1.3195e-05 1.2677e-05
1408477 82.5 1.2201e-05 1.1872e-05
1408478 83.0 1.1279e-05 1.0951e-05
1408479 83.5 1.0424e-05 1.05e-05
1408480 84.0 9.6315e-06 9.2422e-06
1408481 84.5 8.8972e-06 8.4847e-06
1408482 85.0 8.2168e-06 8.0945e-06
1408483 85.5 7.5691e-06 7.5114e-06
1408484 86.0 6.9703e-06 7.1716e-06
1408485 86.5 6.4168e-06 6.5171e-06
1408486 87.0 5.9053e-06 6.0635e-06
1408487 87.5 5.4329e-06 5.2226e-06
1408488 88.0 4.9967e-06 4.8174e-06
1408489 88.5 4.5939e-06 4.4563e-06
1408490 89.0 4.2223e-06 3.918e-06
1408491 89.5 3.8794e-06 3.6512e-06
1408492 90.0 3.5632e-06 3.438e-06
1408493 90.5 3.2661e-06 3.1248e-06
1408494 91.0 2.9921e-06 2.9195e-06
1408495 91.5 2.7394e-06 2.6911e-06
1408496 92.0 2.5064e-06 2.4326e-06
1408497 92.5 2.2918e-06 2.2392e-06
1408498 93.0 2.0942e-06 1.9839e-06
1408499 93.5 1.9124e-06 1.842e-06
1408500 94.0 1.7451e-06 1.6576e-06
1408501 94.5 1.5915e-06 1.592e-06
1408502 95.0 1.4504e-06 1.4969e-06
1408503 95.5 1.3156e-06 1.3755e-06
1408504 96.0 1.1938e-06 1.3263e-06
1408505 96.5 1.0837e-06 1.2631e-06
1408506 97.0 9.8411e-07 1.1472e-06
1408507 97.5 8.94e-07 1.0298e-06
1408508 98.0 8.1243e-07 9.564e-07
1408509 98.5 7.3857e-07 8.2273e-07
1408510 99.0 6.7167e-07 7.4823e-07
1408511 99.5 6.1105e-07 6.6977e-07
1408512 100.0 5.5611e-07 5.9682e-07
1408513 100.5 5.0368e-07 5.3518e-07
1408514 101.0 4.5678e-07 4.7373e-07
1408515 101.5 4.1476e-07 4.5183e-07
1408516 102.0 3.7705e-07 4.1418e-07
1408517 102.5 3.4316e-07 3.5604e-07
1408518 103.0 3.1267e-07 3.0238e-07
1408519 103.5 2.852e-07 2.7628e-07
1408520 104.0 2.6042e-07 2.5209e-07
1408521 104.5 2.3804e-07 2.4467e-07
1408522 105.0 2.1782e-07 2.2127e-07
1408523 105.5 1.9878e-07 1.9165e-07
1408524 106.0 1.8174e-07 1.8003e-07
1408525 106.5 1.6645e-07 1.501e-07
1408526 107.0 1.5269e-07 1.4898e-07
1408527 107.5 1.4029e-07 1.4296e-07
1408528 108.0 1.2908e-07 1.3287e-07
1408529 108.5 1.1894e-07 1.2011e-07
1408530 109.0 1.0974e-07 1.213e-07
1408531 109.5 1.0139e-07 1.1457e-07
1408532 110.0 9.3782e-08 1.1032e-07
1408533 110.5 8.6689e-08 1.049e-07
1408534 111.0 8.027e-08 9.5032e-08
1408535 111.5 7.4446e-08 8.5721e-08
1408536 112.0 6.9146e-08 8.0547e-08
1408537 112.5 6.4312e-08 7.2984e-08
1408538 113.0 5.9892e-08 6.8146e-08
1408539 113.5 5.5844e-08 6.2281e-08
1408540 114.0 5.2129e-08 5.7278e-08
1408541 114.5 4.8712e-08 5.4032e-08
1408542 115.0 4.5565e-08 4.9502e-08
1408543 115.5 4.2658e-08 4.798e-08
1408544 116.0 3.9975e-08 4.5001e-08
1408545 116.5 3.7495e-08 4.1084e-08
1408546 117.0 3.5199e-08 3.7984e-08
1408547 117.5 3.307e-08 3.4475e-08
1408548 118.0 3.1094e-08 3.3432e-08
1408549 118.5 2.9258e-08 3.0251e-08
1408550 119.0 2.755e-08 2.7898e-08
1408551 119.5 2.5959e-08 2.6511e-08
1408552 120.0 2.4476e-08 2.4301e-08
1408553 120.5 2.3096e-08 2.3386e-08
1408554 121.0 2.1815e-08 2.2045e-08
1408555 121.5 2.0624e-08 2.0493e-08
1408556 122.0 1.9516e-08 1.8758e-08
1408557 122.5 1.8484e-08 1.7765e-08
1408558 123.0 1.7523e-08 1.6827e-08
1408559 123.5 1.6627e-08 1.6071e-08
1408560 124.0 1.579e-08 1.528e-08
1408561 124.5 1.5009e-08 1.4716e-08
1408562 125.0 1.4278e-08 1.4433e-08
1408563 125.5 1.3595e-08 1.3756e-08
1408564 126.0 1.2955e-08 1.309e-08
1408565 126.5 1.2355e-08 1.2516e-08
1408566 127.0 1.1792e-08 1.1922e-08
1408567 127.5 1.1263e-08 1.0978e-08
1408568 128.0 1.0766e-08 1.0612e-08
1408569 128.5 1.0298e-08 1.0163e-08
1408570 129.0 9.8578e-09 9.9691e-09
1408571 129.5 9.4426e-09 9.2418e-09
1408572 130.0 9.0509e-09 9.2685e-09
1408573 130.5 8.681e-09 8.9745e-09
1408574 131.0 8.3315e-09 8.7346e-09
1408575 131.5 8.001e-09 8.335e-09
1408576 132.0 7.6883e-09 7.9014e-09
1408577 132.5 7.392e-09 7.6696e-09
1408578 133.0 7.1112e-09 7.3631e-09
1408579 133.5 6.8449e-09 7.0372e-09
1408580 134.0 6.5921e-09 6.7188e-09
1408581 134.5 6.3521e-09 6.5473e-09
1408582 135.0 6.1239e-09 6.3395e-09
1408583 135.5 5.9069e-09 6.1089e-09
1408584 136.0 5.7004e-09 5.7267e-09
1408585 136.5 5.5037e-09 5.5595e-09
1408586 137.0 5.3163e-09 5.1738e-09
1408587 137.5 5.1377e-09 4.7584e-09
1408588 138.0 4.9673e-09 4.4395e-09
1408589 138.5 4.8046e-09 4.2578e-09
1408590 139.0 4.6493e-09 4.1521e-09
1408591 139.5 4.5009e-09 3.9509e-09
1408592 140.0 4.3589e-09 4.0121e-09
1408593 140.5 4.2232e-09 4.0639e-09
1408594 141.0 4.0932e-09 3.9961e-09
1408595 141.5 3.9688e-09 3.993e-09
1408596 142.0 3.8496e-09 3.7718e-09
1408597 142.5 3.7353e-09 3.6775e-09
1408598 143.0 3.6258e-09 3.6488e-09
1408599 143.5 3.5206e-09 3.5125e-09
1408600 144.0 3.4197e-09 3.418e-09
1408601 144.5 3.3228e-09 3.2531e-09
1408602 145.0 3.2297e-09 3.1197e-09
1408603 145.5 3.1402e-09 3.0335e-09
1408604 146.0 3.0542e-09 3.0227e-09
1408605 146.5 2.9714e-09 2.9603e-09
1408606 147.0 2.8918e-09 2.8852e-09
1408607 147.5 2.8151e-09 2.6809e-09
1408608 148.0 2.7412e-09 2.6207e-09
1408609 148.5 2.67e-09 2.4608e-09
1408610 149.0 2.6014e-09 2.3483e-09
1408611 149.5 2.5352e-09 2.3484e-09
1408612 150.0 2.4714e-09 2.3306e-09
1408613 150.5 2.4098e-09 2.332e-09
1408614 151.0 2.3504e-09 2.2689e-09
1408615 151.5 2.293e-09 2.3127e-09
1408616 152.0 2.2375e-09 2.2278e-09
1408617 152.5 2.1839e-09 2.1682e-09
1408618 153.0 2.1321e-09 2.0945e-09
1408619 153.5 2.082e-09 2.0014e-09
1408620 154.0 2.0335e-09 1.9298e-09
1408621 154.5 1.9866e-09 1.8318e-09
1408622 155.0 1.9413e-09 1.8532e-09
1408623 155.5 1.8973e-09 1.8521e-09
1408624 156.0 1.8547e-09 1.8285e-09
1408625 156.5 1.8135e-09 1.769e-09
1408626 157.0 1.7735e-09 1.7304e-09
1408627 157.5 1.7348e-09 1.7096e-09
1408628 158.0 1.6972e-09 1.674e-09
1408629 158.5 1.6608e-09 1.6598e-09
1408630 159.0 1.6255e-09 1.6488e-09
1408631 159.5 1.5911e-09 1.6321e-09
1408632 160.0 1.5578e-09 1.5972e-09
1408633 160.5 1.5255e-09 1.5622e-09
1408634 161.0 1.4941e-09 1.5601e-09
1408635 161.5 1.4636e-09 1.542e-09
1408636 162.0 1.434e-09 1.5079e-09
1408637 162.5 1.4051e-09 1.4528e-09
1408638 163.0 1.3771e-09 1.4114e-09
1408639 163.5 1.3499e-09 1.4e-09
1408640 164.0 1.3234e-09 1.3678e-09
1408641 164.5 1.2976e-09 1.3379e-09
1408642 165.0 1.2725e-09 1.3484e-09
1408643 165.5 1.2481e-09 1.2757e-09
1408644 166.0 1.2243e-09 1.2628e-09
1408645 166.5 1.2012e-09 1.2248e-09
1408646 167.0 1.1786e-09 1.194e-09
1408647 167.5 1.1567e-09 1.1786e-09
1408648 168.0 1.1353e-09 1.1708e-09
1408649 168.5 1.1144e-09 1.1492e-09
1408650 169.0 1.0941e-09 1.133e-09
1408651 169.5 1.0743e-09 1.1157e-09
1408652 170.0 1.055e-09 1.0602e-09
1408653 170.5 1.0361e-09 1.0499e-09
1408654 171.0 1.0177e-09 1.0479e-09
1408655 171.5 9.9978e-10 1.0133e-09
1408656 172.0 9.8227e-10 9.6879e-10
1408657 172.5 9.6518e-10 9.6073e-10
1408658 173.0 9.485e-10 9.3626e-10
1408659 173.5 9.3221e-10 9.4485e-10
1408660 174.0 9.163e-10 9.4395e-10
1408661 174.5 9.0076e-10 9.1333e-10
1408662 175.0 8.8558e-10 9.0307e-10
1408663 175.5 8.7075e-10 8.8147e-10
1408664 176.0 8.5626e-10 8.6767e-10
1408665 176.5 8.4209e-10 8.7404e-10
1408666 177.0 8.2824e-10 8.6574e-10
1408667 177.5 8.1471e-10 8.454e-10
1408668 178.0 8.0147e-10 8.356e-10
1408669 178.5 7.8852e-10 8.5227e-10
1408670 179.0 7.7586e-10 8.5806e-10
1408671 179.5 7.6347e-10 8.4646e-10
1408672 180.0 7.5134e-10 8.1917e-10
1408673 180.5 7.3948e-10 8.1419e-10
1408674 181.0 7.2787e-10 8.2367e-10
1408675 181.5 7.1651e-10 8.2664e-10
1408676 182.0 7.0539e-10 8.2282e-10
1408677 182.5 6.945e-10 8.0176e-10
1408678 183.0 6.8383e-10 7.9518e-10
1408679 183.5 6.7339e-10 7.7997e-10
1408680 184.0 6.6315e-10 7.639e-10
1408681 184.5 6.5313e-10 7.4737e-10
1408682 185.0 6.4331e-10 7.4441e-10
1408683 185.5 6.3369e-10 7.3714e-10
1408684 186.0 6.2426e-10 7.3144e-10
1408685 186.5 6.1502e-10 7.3829e-10
1408686 187.0 6.0596e-10 7.2111e-10
1408687 187.5 5.9708e-10 7.102e-10
1408688 188.0 5.8838e-10 6.8615e-10
1408689 188.5 5.7984e-10 6.8878e-10
1408690 189.0 5.7147e-10 6.7784e-10
1408691 189.5 5.6326e-10 6.5608e-10
1408692 190.0 5.5521e-10 6.5415e-10
1408693 190.5 5.473e-10 6.4662e-10
1408694 191.0 5.3955e-10 6.4337e-10
1408695 191.5 5.3195e-10 6.2354e-10
1408696 192.0 5.2448e-10 6.1169e-10
1408697 192.5 5.1716e-10 5.9954e-10
1408698 193.0 5.0997e-10 5.9672e-10
1408699 193.5 5.0292e-10 5.8095e-10
1408700 194.0 4.9599e-10 5.5552e-10
1408701 194.5 4.8919e-10 5.4857e-10
1408702 195.0 4.8251e-10 5.3945e-10
1408703 195.5 4.7595e-10 5.2485e-10
1408704 196.0 4.6951e-10 5.2069e-10
1408705 196.5 4.6319e-10 5.1756e-10
1408706 197.0 4.5697e-10 4.9761e-10
1408707 197.5 4.5087e-10 4.8694e-10
1408708 198.0 4.4487e-10 4.7713e-10
1408709 198.5 4.3898e-10 4.7031e-10
1408710 199.0 4.3319e-10 4.5244e-10
1408711 199.5 4.275e-10 4.4606e-10
1408712 200.0 4.2191e-10 4.4602e-10
