 Hgtkm DensMean DensPert
1411119 0.0 1.1656 1.1321
1411120 0.5 1.1117 1.0687
1411121 1.0 1.06 0.99746
1411122 1.5 1.0101 0.94628
1411123 2.0 0.96405 0.8951
1411124 2.5 0.91875 0.8769
1411125 3.0 0.87485 0.85743
1411126 3.5 0.83389 0.81453
1411127 4.0 0.79521 0.77997
1411128 4.5 0.75791 0.75069
1411129 5.0 0.72062 0.71844
1411130 5.5 0.68516 0.68617
1411131 6.0 0.65099 0.64948
1411132 6.5 0.61753 0.61611
1411133 7.0 0.5858 0.58483
1411134 7.5 0.5557 0.55494
1411135 8.0 0.52637 0.52429
1411136 8.5 0.49854 0.49622
1411137 9.0 0.47219 0.46956
1411138 9.5 0.44723 0.44628
1411139 10.0 0.42223 0.42057
1411140 10.5 0.39833 0.39607
1411141 11.0 0.37498 0.37371
1411142 11.5 0.35148 0.35229
1411143 12.0 0.32946 0.33058
1411144 12.5 0.30821 0.3086
1411145 13.0 0.2875 0.28965
1411146 13.5 0.26819 0.27071
1411147 14.0 0.25018 0.25219
1411148 14.5 0.23224 0.23521
1411149 15.0 0.21522 0.22092
1411150 15.5 0.19945 0.20596
1411151 16.0 0.18484 0.19046
1411152 16.5 0.1713 0.17639
1411153 17.0 0.15766 0.16285
1411154 17.5 0.14477 0.14862
1411155 18.0 0.13294 0.13623
1411156 18.5 0.12208 0.12412
1411157 19.0 0.11216 0.11387
1411158 19.5 0.10313 0.10414
1411159 20.0 0.09483 0.096182
1411160 20.5 0.087198 0.089156
1411161 21.0 0.080207 0.081496
1411162 21.5 0.073926 0.074773
1411163 22.0 0.068138 0.068853
1411164 22.5 0.062804 0.063531
1411165 23.0 0.057888 0.0582
1411166 23.5 0.053357 0.053998
1411167 24.0 0.049182 0.049633
1411168 24.5 0.045387 0.045746
1411169 25.0 0.041919 0.042376
1411170 25.5 0.038717 0.038843
1411171 26.0 0.035759 0.035814
1411172 26.5 0.033028 0.03293
1411173 27.0 0.030517 0.030627
1411174 27.5 0.028214 0.028323
1411175 28.0 0.02607 0.026341
1411176 28.5 0.024079 0.024319
1411177 29.0 0.022235 0.0224
1411178 29.5 0.020534 0.020578
1411179 30.0 0.018972 0.019057
1411180 30.5 0.017528 0.01768
1411181 31.0 0.016206 0.016332
1411182 31.5 0.014997 0.015104
1411183 32.0 0.013887 0.013819
1411184 32.5 0.012864 0.012831
1411185 33.0 0.01192 0.011752
1411186 33.5 0.011049 0.010995
1411187 34.0 0.010245 0.010215
1411188 34.5 0.0095026 0.0093814
1411189 35.0 0.0088171 0.0087118
1411190 35.5 0.0081759 0.0080214
1411191 36.0 0.0075843 0.0073975
1411192 36.5 0.0070383 0.0069042
1411193 37.0 0.0065342 0.00632
1411194 37.5 0.0060686 0.0058713
1411195 38.0 0.0056384 0.0054022
1411196 38.5 0.0052406 0.0049825
1411197 39.0 0.0048728 0.0046413
1411198 39.5 0.0045324 0.0042968
1411199 40.0 0.0042174 0.0040357
1411200 40.5 0.0039312 0.0037626
1411201 41.0 0.0036655 0.0035024
1411202 41.5 0.0034187 0.0032817
1411203 42.0 0.0031894 0.0030743
1411204 42.5 0.0029763 0.0028357
1411205 43.0 0.0027781 0.0026217
1411206 43.5 0.0025939 0.002447
1411207 44.0 0.0024226 0.0022799
1411208 44.5 0.0022632 0.0020972
1411209 45.0 0.0021148 0.0019658
1411210 45.5 0.001983 0.0018904
1411211 46.0 0.0018594 0.0017735
1411212 46.5 0.0017437 0.0016783
1411213 47.0 0.0016352 0.0015591
1411214 47.5 0.0015336 0.001455
1411215 48.0 0.0014384 0.0013723
1411216 48.5 0.0013491 0.0012852
1411217 49.0 0.0012654 0.0011841
1411218 49.5 0.001187 0.001119
1411219 50.0 0.0011135 0.0010557
1411220 50.5 0.0010487 0.00097815
1411221 51.0 0.00098743 0.0009114
1411222 51.5 0.00092954 0.00088122
1411223 52.0 0.00087485 0.00083581
1411224 52.5 0.00082321 0.00078553
1411225 53.0 0.00077443 0.00074368
1411226 53.5 0.00072839 0.00071415
1411227 54.0 0.00068493 0.00067135
1411228 54.5 0.00064391 0.00061551
1411229 55.0 0.00060522 0.00056484
1411230 55.5 0.00056946 0.00052544
1411231 56.0 0.00053563 0.00050299
1411232 56.5 0.00050363 0.00047581
1411233 57.0 0.00047338 0.00044017
1411234 57.5 0.0004448 0.00041043
1411235 58.0 0.00041778 0.00039189
1411236 58.5 0.00039227 0.00036636
1411237 59.0 0.00036818 0.0003469
1411238 59.5 0.00034544 0.00033235
1411239 60.0 0.00032399 0.00031402
1411240 60.5 0.00030372 0.0002871
1411241 61.0 0.00028463 0.00026606
1411242 61.5 0.00026664 0.00024799
1411243 62.0 0.00024971 0.00022916
1411244 62.5 0.00023377 0.00021413
1411245 63.0 0.00021877 0.00019682
1411246 63.5 0.00020467 0.00018596
1411247 64.0 0.0001914 0.00017229
1411248 64.5 0.00017893 0.00016336
1411249 65.0 0.00016721 0.00015231
1411250 65.5 0.0001562 0.00013965
1411251 66.0 0.00014585 0.00013571
1411252 66.5 0.00013614 0.00012646
1411253 67.0 0.00012702 0.00011763
1411254 67.5 0.00011847 0.00011166
1411255 68.0 0.00011044 0.00010557
1411256 68.5 0.00010291 9.8694e-05
1411257 69.0 9.586e-05 9.1793e-05
1411258 69.5 8.9252e-05 8.566e-05
1411259 70.0 8.3063e-05 7.8897e-05
1411260 70.5 7.7163e-05 7.3193e-05
1411261 71.0 7.1662e-05 6.9832e-05
1411262 71.5 6.6533e-05 6.3977e-05
1411263 72.0 6.1754e-05 5.9577e-05
1411264 72.5 5.73e-05 5.0774e-05
1411265 73.0 5.3152e-05 4.8173e-05
1411266 73.5 4.929e-05 4.5978e-05
1411267 74.0 4.5694e-05 4.3132e-05
1411268 74.5 4.2348e-05 4.0994e-05
1411269 75.0 3.9234e-05 3.7373e-05
1411270 75.5 3.6322e-05 3.4676e-05
1411271 76.0 3.362e-05 3.1835e-05
1411272 76.5 3.1114e-05 2.975e-05
1411273 77.0 2.879e-05 2.7773e-05
1411274 77.5 2.6635e-05 2.5593e-05
1411275 78.0 2.4638e-05 2.3656e-05
1411276 78.5 2.2786e-05 2.2407e-05
1411277 79.0 2.107e-05 2.0725e-05
1411278 79.5 1.948e-05 1.9306e-05
1411279 80.0 1.8007e-05 1.7362e-05
1411280 80.5 1.6666e-05 1.6099e-05
1411281 81.0 1.5421e-05 1.4751e-05
1411282 81.5 1.4266e-05 1.3463e-05
1411283 82.0 1.3195e-05 1.2238e-05
1411284 82.5 1.2201e-05 1.1635e-05
1411285 83.0 1.1279e-05 1.075e-05
1411286 83.5 1.0424e-05 9.7449e-06
1411287 84.0 9.6315e-06 9.1634e-06
1411288 84.5 8.8972e-06 8.4259e-06
1411289 85.0 8.2168e-06 7.9358e-06
1411290 85.5 7.5691e-06 7.2302e-06
1411291 86.0 6.9703e-06 6.7642e-06
1411292 86.5 6.4168e-06 6.0976e-06
1411293 87.0 5.9053e-06 5.589e-06
1411294 87.5 5.4329e-06 5.4626e-06
1411295 88.0 4.9967e-06 5.0369e-06
1411296 88.5 4.5939e-06 4.9118e-06
1411297 89.0 4.2223e-06 4.5069e-06
1411298 89.5 3.8794e-06 4.0378e-06
1411299 90.0 3.5632e-06 3.6216e-06
1411300 90.5 3.2661e-06 3.3375e-06
1411301 91.0 2.9921e-06 3.2125e-06
1411302 91.5 2.7394e-06 2.8401e-06
1411303 92.0 2.5064e-06 2.5744e-06
1411304 92.5 2.2918e-06 2.3547e-06
1411305 93.0 2.0942e-06 2.1312e-06
1411306 93.5 1.9124e-06 1.8795e-06
1411307 94.0 1.7451e-06 1.681e-06
1411308 94.5 1.5915e-06 1.6072e-06
1411309 95.0 1.4504e-06 1.465e-06
1411310 95.5 1.3156e-06 1.3393e-06
1411311 96.0 1.1938e-06 1.2249e-06
1411312 96.5 1.0837e-06 1.1225e-06
1411313 97.0 9.8411e-07 9.7336e-07
1411314 97.5 8.94e-07 8.7172e-07
1411315 98.0 8.1243e-07 8.0355e-07
1411316 98.5 7.3857e-07 7.0498e-07
1411317 99.0 6.7167e-07 6.7839e-07
1411318 99.5 6.1105e-07 6.3439e-07
1411319 100.0 5.5611e-07 6.0198e-07
1411320 100.5 5.0368e-07 5.5827e-07
1411321 101.0 4.5678e-07 4.9037e-07
1411322 101.5 4.1476e-07 4.6531e-07
1411323 102.0 3.7705e-07 4.4113e-07
1411324 102.5 3.4316e-07 4.2475e-07
1411325 103.0 3.1267e-07 3.8188e-07
1411326 103.5 2.852e-07 3.4406e-07
1411327 104.0 2.6042e-07 2.9792e-07
1411328 104.5 2.3804e-07 2.6011e-07
1411329 105.0 2.1782e-07 2.2903e-07
1411330 105.5 1.9878e-07 2.1016e-07
1411331 106.0 1.8174e-07 1.8973e-07
1411332 106.5 1.6645e-07 1.8386e-07
1411333 107.0 1.5269e-07 1.6912e-07
1411334 107.5 1.4029e-07 1.6757e-07
1411335 108.0 1.2908e-07 1.519e-07
1411336 108.5 1.1894e-07 1.4023e-07
1411337 109.0 1.0974e-07 1.2897e-07
1411338 109.5 1.0139e-07 1.138e-07
1411339 110.0 9.3782e-08 1.0248e-07
1411340 110.5 8.6689e-08 9.1166e-08
1411341 111.0 8.027e-08 8.4192e-08
1411342 111.5 7.4446e-08 7.9503e-08
1411343 112.0 6.9146e-08 7.1452e-08
1411344 112.5 6.4312e-08 6.7594e-08
1411345 113.0 5.9892e-08 6.3289e-08
1411346 113.5 5.5844e-08 5.6895e-08
1411347 114.0 5.2129e-08 5.0707e-08
1411348 114.5 4.8712e-08 4.811e-08
1411349 115.0 4.5565e-08 4.4254e-08
1411350 115.5 4.2658e-08 4.2352e-08
1411351 116.0 3.9975e-08 3.9828e-08
1411352 116.5 3.7495e-08 3.8273e-08
1411353 117.0 3.5199e-08 3.5205e-08
1411354 117.5 3.307e-08 3.3507e-08
1411355 118.0 3.1094e-08 3.1566e-08
1411356 118.5 2.9258e-08 2.9082e-08
1411357 119.0 2.755e-08 2.76e-08
1411358 119.5 2.5959e-08 2.6991e-08
1411359 120.0 2.4476e-08 2.5607e-08
1411360 120.5 2.3096e-08 2.4244e-08
1411361 121.0 2.1815e-08 2.3073e-08
1411362 121.5 2.0624e-08 2.1963e-08
1411363 122.0 1.9516e-08 2.0464e-08
1411364 122.5 1.8484e-08 1.966e-08
1411365 123.0 1.7523e-08 1.838e-08
1411366 123.5 1.6627e-08 1.7518e-08
1411367 124.0 1.579e-08 1.6422e-08
1411368 124.5 1.5009e-08 1.5938e-08
1411369 125.0 1.4278e-08 1.5302e-08
1411370 125.5 1.3595e-08 1.3818e-08
1411371 126.0 1.2955e-08 1.3467e-08
1411372 126.5 1.2355e-08 1.2943e-08
1411373 127.0 1.1792e-08 1.217e-08
1411374 127.5 1.1263e-08 1.1352e-08
1411375 128.0 1.0766e-08 1.0709e-08
1411376 128.5 1.0298e-08 1.0409e-08
1411377 129.0 9.8578e-09 9.695e-09
1411378 129.5 9.4426e-09 9.4637e-09
1411379 130.0 9.0509e-09 9.4944e-09
1411380 130.5 8.681e-09 9.2181e-09
1411381 131.0 8.3315e-09 9.1006e-09
1411382 131.5 8.001e-09 8.8103e-09
1411383 132.0 7.6883e-09 8.3849e-09
1411384 132.5 7.392e-09 7.8753e-09
1411385 133.0 7.1112e-09 7.4564e-09
1411386 133.5 6.8449e-09 7.3513e-09
1411387 134.0 6.5921e-09 7.0325e-09
1411388 134.5 6.3521e-09 6.6713e-09
1411389 135.0 6.1239e-09 6.4846e-09
1411390 135.5 5.9069e-09 6.0224e-09
1411391 136.0 5.7004e-09 5.7121e-09
1411392 136.5 5.5037e-09 5.4328e-09
1411393 137.0 5.3163e-09 5.3855e-09
1411394 137.5 5.1377e-09 4.9272e-09
1411395 138.0 4.9673e-09 4.7356e-09
1411396 138.5 4.8046e-09 4.5654e-09
1411397 139.0 4.6493e-09 4.5306e-09
1411398 139.5 4.5009e-09 4.3846e-09
1411399 140.0 4.3589e-09 4.246e-09
1411400 140.5 4.2232e-09 4.1209e-09
1411401 141.0 4.0932e-09 3.9369e-09
1411402 141.5 3.9688e-09 3.8594e-09
1411403 142.0 3.8496e-09 3.4909e-09
1411404 142.5 3.7353e-09 3.3931e-09
1411405 143.0 3.6258e-09 3.3082e-09
1411406 143.5 3.5206e-09 3.1366e-09
1411407 144.0 3.4197e-09 2.9823e-09
1411408 144.5 3.3228e-09 2.9992e-09
1411409 145.0 3.2297e-09 2.8753e-09
1411410 145.5 3.1402e-09 2.8782e-09
1411411 146.0 3.0542e-09 2.9825e-09
1411412 146.5 2.9714e-09 2.9719e-09
1411413 147.0 2.8918e-09 2.8616e-09
1411414 147.5 2.8151e-09 2.7961e-09
1411415 148.0 2.7412e-09 2.7534e-09
1411416 148.5 2.67e-09 2.7113e-09
1411417 149.0 2.6014e-09 2.5728e-09
1411418 149.5 2.5352e-09 2.49e-09
1411419 150.0 2.4714e-09 2.4241e-09
1411420 150.5 2.4098e-09 2.3002e-09
1411421 151.0 2.3504e-09 2.2924e-09
1411422 151.5 2.293e-09 2.2095e-09
1411423 152.0 2.2375e-09 2.2009e-09
1411424 152.5 2.1839e-09 2.1579e-09
1411425 153.0 2.1321e-09 2.0572e-09
1411426 153.5 2.082e-09 1.9757e-09
1411427 154.0 2.0335e-09 1.9383e-09
1411428 154.5 1.9866e-09 1.9483e-09
1411429 155.0 1.9413e-09 1.8949e-09
1411430 155.5 1.8973e-09 1.8377e-09
1411431 156.0 1.8547e-09 1.7523e-09
1411432 156.5 1.8135e-09 1.7178e-09
1411433 157.0 1.7735e-09 1.6833e-09
1411434 157.5 1.7348e-09 1.6416e-09
1411435 158.0 1.6972e-09 1.6035e-09
1411436 158.5 1.6608e-09 1.6027e-09
1411437 159.0 1.6255e-09 1.5924e-09
1411438 159.5 1.5911e-09 1.5336e-09
1411439 160.0 1.5578e-09 1.4714e-09
1411440 160.5 1.5255e-09 1.3716e-09
1411441 161.0 1.4941e-09 1.3717e-09
1411442 161.5 1.4636e-09 1.3201e-09
1411443 162.0 1.434e-09 1.3101e-09
1411444 162.5 1.4051e-09 1.3243e-09
1411445 163.0 1.3771e-09 1.2588e-09
1411446 163.5 1.3499e-09 1.2362e-09
1411447 164.0 1.3234e-09 1.2108e-09
1411448 164.5 1.2976e-09 1.18e-09
1411449 165.0 1.2725e-09 1.1663e-09
1411450 165.5 1.2481e-09 1.1366e-09
1411451 166.0 1.2243e-09 1.1237e-09
1411452 166.5 1.2012e-09 1.1458e-09
1411453 167.0 1.1786e-09 1.0773e-09
1411454 167.5 1.1567e-09 1.1006e-09
1411455 168.0 1.1353e-09 1.0822e-09
1411456 168.5 1.1144e-09 1.0501e-09
1411457 169.0 1.0941e-09 1.0198e-09
1411458 169.5 1.0743e-09 1.0068e-09
1411459 170.0 1.055e-09 9.9317e-10
1411460 170.5 1.0361e-09 9.6885e-10
1411461 171.0 1.0177e-09 9.5485e-10
1411462 171.5 9.9978e-10 9.4381e-10
1411463 172.0 9.8227e-10 9.2303e-10
1411464 172.5 9.6518e-10 9.0683e-10
1411465 173.0 9.485e-10 8.8389e-10
1411466 173.5 9.3221e-10 8.6783e-10
1411467 174.0 9.163e-10 8.4673e-10
1411468 174.5 9.0076e-10 8.1885e-10
1411469 175.0 8.8558e-10 8.0896e-10
1411470 175.5 8.7075e-10 8.0082e-10
1411471 176.0 8.5626e-10 7.9262e-10
1411472 176.5 8.4209e-10 7.7276e-10
1411473 177.0 8.2824e-10 7.7762e-10
1411474 177.5 8.1471e-10 7.7944e-10
1411475 178.0 8.0147e-10 7.6429e-10
1411476 178.5 7.8852e-10 7.5043e-10
1411477 179.0 7.7586e-10 7.4427e-10
1411478 179.5 7.6347e-10 7.2905e-10
1411479 180.0 7.5134e-10 7.0859e-10
1411480 180.5 7.3948e-10 6.9643e-10
1411481 181.0 7.2787e-10 6.9384e-10
1411482 181.5 7.1651e-10 6.8841e-10
1411483 182.0 7.0539e-10 6.8587e-10
1411484 182.5 6.945e-10 6.7723e-10
1411485 183.0 6.8383e-10 6.785e-10
1411486 183.5 6.7339e-10 6.7292e-10
1411487 184.0 6.6315e-10 6.3831e-10
1411488 184.5 6.5313e-10 6.1801e-10
1411489 185.0 6.4331e-10 6.1476e-10
1411490 185.5 6.3369e-10 6.0042e-10
1411491 186.0 6.2426e-10 5.7163e-10
1411492 186.5 6.1502e-10 5.6384e-10
1411493 187.0 6.0596e-10 5.7307e-10
1411494 187.5 5.9708e-10 5.6621e-10
1411495 188.0 5.8838e-10 5.7662e-10
1411496 188.5 5.7984e-10 5.7756e-10
1411497 189.0 5.7147e-10 5.7215e-10
1411498 189.5 5.6326e-10 5.6198e-10
1411499 190.0 5.5521e-10 5.3899e-10
1411500 190.5 5.473e-10 5.3916e-10
1411501 191.0 5.3955e-10 5.1469e-10
1411502 191.5 5.3195e-10 4.9659e-10
1411503 192.0 5.2448e-10 4.9354e-10
1411504 192.5 5.1716e-10 4.82e-10
1411505 193.0 5.0997e-10 4.9076e-10
1411506 193.5 5.0292e-10 4.8036e-10
1411507 194.0 4.9599e-10 4.68e-10
1411508 194.5 4.8919e-10 4.5776e-10
1411509 195.0 4.8251e-10 4.4817e-10
1411510 195.5 4.7595e-10 4.4445e-10
1411511 196.0 4.6951e-10 4.4616e-10
1411512 196.5 4.6319e-10 4.3472e-10
1411513 197.0 4.5697e-10 4.3554e-10
1411514 197.5 4.5087e-10 4.2601e-10
1411515 198.0 4.4487e-10 4.2612e-10
1411516 198.5 4.3898e-10 4.1528e-10
1411517 199.0 4.3319e-10 4.1872e-10
1411518 199.5 4.275e-10 4.2566e-10
1411519 200.0 4.2191e-10 4.1421e-10
