 Hgtkm DensMean DensPert
1449615 0.0 1.1656 1.1273
1449616 0.5 1.1117 1.0851
1449617 1.0 1.06 1.0378
1449618 1.5 1.0101 0.98985
1449619 2.0 0.96405 0.94432
1449620 2.5 0.91875 0.90323
1449621 3.0 0.87485 0.86166
1449622 3.5 0.83389 0.82294
1449623 4.0 0.79521 0.78545
1449624 4.5 0.75791 0.7477
1449625 5.0 0.72062 0.71217
1449626 5.5 0.68516 0.67989
1449627 6.0 0.65099 0.64684
1449628 6.5 0.61753 0.61403
1449629 7.0 0.5858 0.5852
1449630 7.5 0.5557 0.55655
1449631 8.0 0.52637 0.52875
1449632 8.5 0.49854 0.50213
1449633 9.0 0.47219 0.47516
1449634 9.5 0.44723 0.45062
1449635 10.0 0.42223 0.42528
1449636 10.5 0.39833 0.40112
1449637 11.0 0.37498 0.37859
1449638 11.5 0.35148 0.35568
1449639 12.0 0.32946 0.33386
1449640 12.5 0.30821 0.31425
1449641 13.0 0.2875 0.29128
1449642 13.5 0.26819 0.27141
1449643 14.0 0.25018 0.25184
1449644 14.5 0.23224 0.23427
1449645 15.0 0.21522 0.21679
1449646 15.5 0.19945 0.20113
1449647 16.0 0.18484 0.18729
1449648 16.5 0.1713 0.1716
1449649 17.0 0.15766 0.15709
1449650 17.5 0.14477 0.14431
1449651 18.0 0.13294 0.13299
1449652 18.5 0.12208 0.1228
1449653 19.0 0.11216 0.11356
1449654 19.5 0.10313 0.10379
1449655 20.0 0.09483 0.094983
1449656 20.5 0.087198 0.087731
1449657 21.0 0.080207 0.079879
1449658 21.5 0.073926 0.07417
1449659 22.0 0.068138 0.067829
1449660 22.5 0.062804 0.062931
1449661 23.0 0.057888 0.058277
1449662 23.5 0.053357 0.053415
1449663 24.0 0.049182 0.049345
1449664 24.5 0.045387 0.045293
1449665 25.0 0.041919 0.041999
1449666 25.5 0.038717 0.038699
1449667 26.0 0.035759 0.035814
1449668 26.5 0.033028 0.032876
1449669 27.0 0.030517 0.030259
1449670 27.5 0.028214 0.027983
1449671 28.0 0.02607 0.025965
1449672 28.5 0.024079 0.023966
1449673 29.0 0.022235 0.02214
1449674 29.5 0.020534 0.020409
1449675 30.0 0.018972 0.018786
1449676 30.5 0.017528 0.017352
1449677 31.0 0.016206 0.016071
1449678 31.5 0.014997 0.014764
1449679 32.0 0.013887 0.013687
1449680 32.5 0.012864 0.012773
1449681 33.0 0.01192 0.011837
1449682 33.5 0.011049 0.010896
1449683 34.0 0.010245 0.010185
1449684 34.5 0.0095026 0.0094618
1449685 35.0 0.0088171 0.008669
1449686 35.5 0.0081759 0.0080242
1449687 36.0 0.0075843 0.0073377
1449688 36.5 0.0070383 0.0067788
1449689 37.0 0.0065342 0.0062094
1449690 37.5 0.0060686 0.0057876
1449691 38.0 0.0056384 0.0053984
1449692 38.5 0.0052406 0.0049321
1449693 39.0 0.0048728 0.0046544
1449694 39.5 0.0045324 0.0043396
1449695 40.0 0.0042174 0.0039739
1449696 40.5 0.0039312 0.0037524
1449697 41.0 0.0036655 0.0035558
1449698 41.5 0.0034187 0.0033369
1449699 42.0 0.0031894 0.0030698
1449700 42.5 0.0029763 0.0029013
1449701 43.0 0.0027781 0.0027506
1449702 43.5 0.0025939 0.0025322
1449703 44.0 0.0024226 0.0023486
1449704 44.5 0.0022632 0.0022216
1449705 45.0 0.0021148 0.0020471
1449706 45.5 0.001983 0.0019154
1449707 46.0 0.0018594 0.0017727
1449708 46.5 0.0017437 0.0016715
1449709 47.0 0.0016352 0.0015782
1449710 47.5 0.0015336 0.0015079
1449711 48.0 0.0014384 0.0014159
1449712 48.5 0.0013491 0.0013273
1449713 49.0 0.0012654 0.0012318
1449714 49.5 0.001187 0.0011547
1449715 50.0 0.0011135 0.0011009
1449716 50.5 0.0010487 0.0010201
1449717 51.0 0.00098743 0.00097053
1449718 51.5 0.00092954 0.00090725
1449719 52.0 0.00087485 0.00086423
1449720 52.5 0.00082321 0.00082081
1449721 53.0 0.00077443 0.00076789
1449722 53.5 0.00072839 0.00072076
1449723 54.0 0.00068493 0.00068718
1449724 54.5 0.00064391 0.00064303
1449725 55.0 0.00060522 0.00059858
1449726 55.5 0.00056946 0.00057364
1449727 56.0 0.00053563 0.00053034
1449728 56.5 0.00050363 0.00050026
1449729 57.0 0.00047338 0.00047493
1449730 57.5 0.0004448 0.00044952
1449731 58.0 0.00041778 0.00041765
1449732 58.5 0.00039227 0.00040057
1449733 59.0 0.00036818 0.00038119
1449734 59.5 0.00034544 0.00035161
1449735 60.0 0.00032399 0.0003331
1449736 60.5 0.00030372 0.00031399
1449737 61.0 0.00028463 0.00029567
1449738 61.5 0.00026664 0.00027396
1449739 62.0 0.00024971 0.00025295
1449740 62.5 0.00023377 0.00024169
1449741 63.0 0.00021877 0.00022574
1449742 63.5 0.00020467 0.00021097
1449743 64.0 0.0001914 0.00020041
1449744 64.5 0.00017893 0.00018404
1449745 65.0 0.00016721 0.00017084
1449746 65.5 0.0001562 0.00016144
1449747 66.0 0.00014585 0.00015131
1449748 66.5 0.00013614 0.00013769
1449749 67.0 0.00012702 0.00013192
1449750 67.5 0.00011847 0.00012537
1449751 68.0 0.00011044 0.00012083
1449752 68.5 0.00010291 0.00011099
1449753 69.0 9.586e-05 0.00010326
1449754 69.5 8.9252e-05 9.7566e-05
1449755 70.0 8.3063e-05 9.0343e-05
1449756 70.5 7.7163e-05 8.3217e-05
1449757 71.0 7.1662e-05 7.4361e-05
1449758 71.5 6.6533e-05 7.0482e-05
1449759 72.0 6.1754e-05 6.4453e-05
1449760 72.5 5.73e-05 5.8386e-05
1449761 73.0 5.3152e-05 5.5972e-05
1449762 73.5 4.929e-05 5.2349e-05
1449763 74.0 4.5694e-05 4.778e-05
1449764 74.5 4.2348e-05 4.5565e-05
1449765 75.0 3.9234e-05 4.3015e-05
1449766 75.5 3.6322e-05 4.036e-05
1449767 76.0 3.362e-05 3.7759e-05
1449768 76.5 3.1114e-05 3.4577e-05
1449769 77.0 2.879e-05 3.1189e-05
1449770 77.5 2.6635e-05 2.8248e-05
1449771 78.0 2.4638e-05 2.4948e-05
1449772 78.5 2.2786e-05 2.3537e-05
1449773 79.0 2.107e-05 2.2202e-05
1449774 79.5 1.948e-05 2.0498e-05
1449775 80.0 1.8007e-05 1.8822e-05
1449776 80.5 1.6666e-05 1.7486e-05
1449777 81.0 1.5421e-05 1.5914e-05
1449778 81.5 1.4266e-05 1.4673e-05
1449779 82.0 1.3195e-05 1.3585e-05
1449780 82.5 1.2201e-05 1.2649e-05
1449781 83.0 1.1279e-05 1.1656e-05
1449782 83.5 1.0424e-05 1.0622e-05
1449783 84.0 9.6315e-06 1.0004e-05
1449784 84.5 8.8972e-06 9.3779e-06
1449785 85.0 8.2168e-06 8.538e-06
1449786 85.5 7.5691e-06 7.8939e-06
1449787 86.0 6.9703e-06 7.4047e-06
1449788 86.5 6.4168e-06 6.8862e-06
1449789 87.0 5.9053e-06 5.9998e-06
1449790 87.5 5.4329e-06 5.5573e-06
1449791 88.0 4.9967e-06 5.3026e-06
1449792 88.5 4.5939e-06 4.7883e-06
1449793 89.0 4.2223e-06 4.5394e-06
1449794 89.5 3.8794e-06 4.11e-06
1449795 90.0 3.5632e-06 3.7019e-06
1449796 90.5 3.2661e-06 3.4995e-06
1449797 91.0 2.9921e-06 3.1242e-06
1449798 91.5 2.7394e-06 2.9497e-06
1449799 92.0 2.5064e-06 2.6046e-06
1449800 92.5 2.2918e-06 2.2333e-06
1449801 93.0 2.0942e-06 2.05e-06
1449802 93.5 1.9124e-06 1.8754e-06
1449803 94.0 1.7451e-06 1.746e-06
1449804 94.5 1.5915e-06 1.5787e-06
1449805 95.0 1.4504e-06 1.3545e-06
1449806 95.5 1.3156e-06 1.2345e-06
1449807 96.0 1.1938e-06 1.0789e-06
1449808 96.5 1.0837e-06 9.807e-07
1449809 97.0 9.8411e-07 9.1536e-07
1449810 97.5 8.94e-07 8.632e-07
1449811 98.0 8.1243e-07 8.1321e-07
1449812 98.5 7.3857e-07 7.3686e-07
1449813 99.0 6.7167e-07 6.8811e-07
1449814 99.5 6.1105e-07 6.5688e-07
1449815 100.0 5.5611e-07 6.208e-07
1449816 100.5 5.0368e-07 5.1207e-07
1449817 101.0 4.5678e-07 4.4044e-07
1449818 101.5 4.1476e-07 3.9836e-07
1449819 102.0 3.7705e-07 3.3778e-07
1449820 102.5 3.4316e-07 3.1268e-07
1449821 103.0 3.1267e-07 3.0895e-07
1449822 103.5 2.852e-07 2.5964e-07
1449823 104.0 2.6042e-07 2.4379e-07
1449824 104.5 2.3804e-07 2.4984e-07
1449825 105.0 2.1782e-07 2.1534e-07
1449826 105.5 1.9878e-07 1.9882e-07
1449827 106.0 1.8174e-07 1.9402e-07
1449828 106.5 1.6645e-07 1.6442e-07
1449829 107.0 1.5269e-07 1.6115e-07
1449830 107.5 1.4029e-07 1.4788e-07
1449831 108.0 1.2908e-07 1.2926e-07
1449832 108.5 1.1894e-07 1.3288e-07
1449833 109.0 1.0974e-07 1.2563e-07
1449834 109.5 1.0139e-07 1.123e-07
1449835 110.0 9.3782e-08 1.0574e-07
1449836 110.5 8.6689e-08 9.4614e-08
1449837 111.0 8.027e-08 8.8635e-08
1449838 111.5 7.4446e-08 8.2251e-08
1449839 112.0 6.9146e-08 7.7112e-08
1449840 112.5 6.4312e-08 6.891e-08
1449841 113.0 5.9892e-08 6.5769e-08
1449842 113.5 5.5844e-08 5.9321e-08
1449843 114.0 5.2129e-08 5.3153e-08
1449844 114.5 4.8712e-08 4.9207e-08
1449845 115.0 4.5565e-08 4.6931e-08
1449846 115.5 4.2658e-08 4.4607e-08
1449847 116.0 3.9975e-08 4.2157e-08
1449848 116.5 3.7495e-08 3.7254e-08
1449849 117.0 3.5199e-08 3.5564e-08
1449850 117.5 3.307e-08 3.3414e-08
1449851 118.0 3.1094e-08 3.0457e-08
1449852 118.5 2.9258e-08 2.9074e-08
1449853 119.0 2.755e-08 2.6342e-08
1449854 119.5 2.5959e-08 2.5856e-08
1449855 120.0 2.4476e-08 2.4832e-08
1449856 120.5 2.3096e-08 2.4144e-08
1449857 121.0 2.1815e-08 2.3502e-08
1449858 121.5 2.0624e-08 2.2603e-08
1449859 122.0 1.9516e-08 2.0637e-08
1449860 122.5 1.8484e-08 1.9208e-08
1449861 123.0 1.7523e-08 1.9186e-08
1449862 123.5 1.6627e-08 1.7596e-08
1449863 124.0 1.579e-08 1.7002e-08
1449864 124.5 1.5009e-08 1.6177e-08
1449865 125.0 1.4278e-08 1.5462e-08
1449866 125.5 1.3595e-08 1.4711e-08
1449867 126.0 1.2955e-08 1.3952e-08
1449868 126.5 1.2355e-08 1.3098e-08
1449869 127.0 1.1792e-08 1.2578e-08
1449870 127.5 1.1263e-08 1.1947e-08
1449871 128.0 1.0766e-08 1.1661e-08
1449872 128.5 1.0298e-08 1.1336e-08
1449873 129.0 9.8578e-09 1.09e-08
1449874 129.5 9.4426e-09 1.001e-08
1449875 130.0 9.0509e-09 9.5485e-09
1449876 130.5 8.681e-09 9.3108e-09
1449877 131.0 8.3315e-09 9.1337e-09
1449878 131.5 8.001e-09 8.6028e-09
1449879 132.0 7.6883e-09 8.2301e-09
1449880 132.5 7.392e-09 7.8502e-09
1449881 133.0 7.1112e-09 7.3794e-09
1449882 133.5 6.8449e-09 7.0793e-09
1449883 134.0 6.5921e-09 6.9131e-09
1449884 134.5 6.3521e-09 6.6664e-09
1449885 135.0 6.1239e-09 6.3488e-09
1449886 135.5 5.9069e-09 6.0532e-09
1449887 136.0 5.7004e-09 6.0133e-09
1449888 136.5 5.5037e-09 5.7918e-09
1449889 137.0 5.3163e-09 5.5895e-09
1449890 137.5 5.1377e-09 5.2516e-09
1449891 138.0 4.9673e-09 5.0657e-09
1449892 138.5 4.8046e-09 4.9496e-09
1449893 139.0 4.6493e-09 4.6818e-09
1449894 139.5 4.5009e-09 4.7131e-09
1449895 140.0 4.3589e-09 4.5241e-09
1449896 140.5 4.2232e-09 4.3561e-09
1449897 141.0 4.0932e-09 4.1155e-09
1449898 141.5 3.9688e-09 4.0711e-09
1449899 142.0 3.8496e-09 4.0125e-09
1449900 142.5 3.7353e-09 3.7837e-09
1449901 143.0 3.6258e-09 3.6558e-09
1449902 143.5 3.5206e-09 3.5998e-09
1449903 144.0 3.4197e-09 3.4738e-09
1449904 144.5 3.3228e-09 3.3905e-09
1449905 145.0 3.2297e-09 3.2493e-09
1449906 145.5 3.1402e-09 3.1694e-09
1449907 146.0 3.0542e-09 3.142e-09
1449908 146.5 2.9714e-09 3.0543e-09
1449909 147.0 2.8918e-09 3.0096e-09
1449910 147.5 2.8151e-09 2.8465e-09
1449911 148.0 2.7412e-09 2.7997e-09
1449912 148.5 2.67e-09 2.6754e-09
1449913 149.0 2.6014e-09 2.6564e-09
1449914 149.5 2.5352e-09 2.5958e-09
1449915 150.0 2.4714e-09 2.5372e-09
1449916 150.5 2.4098e-09 2.5518e-09
1449917 151.0 2.3504e-09 2.4891e-09
1449918 151.5 2.293e-09 2.4555e-09
1449919 152.0 2.2375e-09 2.4252e-09
1449920 152.5 2.1839e-09 2.4332e-09
1449921 153.0 2.1321e-09 2.2101e-09
1449922 153.5 2.082e-09 2.2049e-09
1449923 154.0 2.0335e-09 2.1084e-09
1449924 154.5 1.9866e-09 2.0257e-09
1449925 155.0 1.9413e-09 1.9784e-09
1449926 155.5 1.8973e-09 1.8607e-09
1449927 156.0 1.8547e-09 1.7843e-09
1449928 156.5 1.8135e-09 1.7337e-09
1449929 157.0 1.7735e-09 1.6745e-09
1449930 157.5 1.7348e-09 1.5952e-09
1449931 158.0 1.6972e-09 1.605e-09
1449932 158.5 1.6608e-09 1.5959e-09
1449933 159.0 1.6255e-09 1.5915e-09
1449934 159.5 1.5911e-09 1.5369e-09
1449935 160.0 1.5578e-09 1.4754e-09
1449936 160.5 1.5255e-09 1.4441e-09
1449937 161.0 1.4941e-09 1.4309e-09
1449938 161.5 1.4636e-09 1.414e-09
1449939 162.0 1.434e-09 1.4089e-09
1449940 162.5 1.4051e-09 1.4041e-09
1449941 163.0 1.3771e-09 1.3585e-09
1449942 163.5 1.3499e-09 1.3529e-09
1449943 164.0 1.3234e-09 1.3664e-09
1449944 164.5 1.2976e-09 1.2869e-09
1449945 165.0 1.2725e-09 1.237e-09
1449946 165.5 1.2481e-09 1.1935e-09
1449947 166.0 1.2243e-09 1.1584e-09
1449948 166.5 1.2012e-09 1.1657e-09
1449949 167.0 1.1786e-09 1.1636e-09
1449950 167.5 1.1567e-09 1.1566e-09
1449951 168.0 1.1353e-09 1.1157e-09
1449952 168.5 1.1144e-09 1.115e-09
1449953 169.0 1.0941e-09 1.0955e-09
1449954 169.5 1.0743e-09 1.0186e-09
1449955 170.0 1.055e-09 1.0112e-09
1449956 170.5 1.0361e-09 1.0001e-09
1449957 171.0 1.0177e-09 9.9523e-10
1449958 171.5 9.9978e-10 9.5365e-10
1449959 172.0 9.8227e-10 9.142e-10
1449960 172.5 9.6518e-10 9.0935e-10
1449961 173.0 9.485e-10 8.7497e-10
1449962 173.5 9.3221e-10 8.6141e-10
1449963 174.0 9.163e-10 8.6545e-10
1449964 174.5 9.0076e-10 8.4686e-10
1449965 175.0 8.8558e-10 8.6917e-10
1449966 175.5 8.7075e-10 8.7606e-10
1449967 176.0 8.5626e-10 8.4767e-10
1449968 176.5 8.4209e-10 8.4244e-10
1449969 177.0 8.2824e-10 8.0928e-10
1449970 177.5 8.1471e-10 7.9796e-10
1449971 178.0 8.0147e-10 7.7706e-10
1449972 178.5 7.8852e-10 7.6116e-10
1449973 179.0 7.7586e-10 7.4266e-10
1449974 179.5 7.6347e-10 7.2781e-10
1449975 180.0 7.5134e-10 7.024e-10
1449976 180.5 7.3948e-10 6.889e-10
1449977 181.0 7.2787e-10 6.6983e-10
1449978 181.5 7.1651e-10 6.6152e-10
1449979 182.0 7.0539e-10 6.5882e-10
1449980 182.5 6.945e-10 6.5576e-10
1449981 183.0 6.8383e-10 6.2403e-10
1449982 183.5 6.7339e-10 6.1693e-10
1449983 184.0 6.6315e-10 5.9905e-10
1449984 184.5 6.5313e-10 5.9678e-10
1449985 185.0 6.4331e-10 5.8938e-10
1449986 185.5 6.3369e-10 5.7309e-10
1449987 186.0 6.2426e-10 5.5944e-10
1449988 186.5 6.1502e-10 5.6034e-10
1449989 187.0 6.0596e-10 5.614e-10
1449990 187.5 5.9708e-10 5.4456e-10
1449991 188.0 5.8838e-10 5.432e-10
1449992 188.5 5.7984e-10 5.3556e-10
1449993 189.0 5.7147e-10 5.3356e-10
1449994 189.5 5.6326e-10 5.3631e-10
1449995 190.0 5.5521e-10 5.188e-10
1449996 190.5 5.473e-10 5.2563e-10
1449997 191.0 5.3955e-10 5.0488e-10
1449998 191.5 5.3195e-10 4.9674e-10
1449999 192.0 5.2448e-10 4.9566e-10
1450000 192.5 5.1716e-10 4.8766e-10
1450001 193.0 5.0997e-10 4.6982e-10
1450002 193.5 5.0292e-10 4.7159e-10
1450003 194.0 4.9599e-10 4.7542e-10
1450004 194.5 4.8919e-10 4.7472e-10
1450005 195.0 4.8251e-10 4.6564e-10
1450006 195.5 4.7595e-10 4.656e-10
1450007 196.0 4.6951e-10 4.4945e-10
1450008 196.5 4.6319e-10 4.3323e-10
1450009 197.0 4.5697e-10 4.4467e-10
1450010 197.5 4.5087e-10 4.4806e-10
1450011 198.0 4.4487e-10 4.3979e-10
1450012 198.5 4.3898e-10 4.3939e-10
1450013 199.0 4.3319e-10 4.3778e-10
1450014 199.5 4.275e-10 4.2996e-10
1450015 200.0 4.2191e-10 4.2792e-10
