 Hgtkm DensMean DensPert
1650516 0.0 1.1656 1.2003
1650517 0.5 1.1117 1.1288
1650518 1.0 1.06 1.098
1650519 1.5 1.0101 1.0184
1650520 2.0 0.96405 0.96601
1650521 2.5 0.91875 0.92631
1650522 3.0 0.87485 0.88022
1650523 3.5 0.83389 0.82943
1650524 4.0 0.79521 0.77999
1650525 4.5 0.75791 0.74698
1650526 5.0 0.72062 0.71111
1650527 5.5 0.68516 0.67817
1650528 6.0 0.65099 0.64228
1650529 6.5 0.61753 0.60871
1650530 7.0 0.5858 0.57842
1650531 7.5 0.5557 0.54892
1650532 8.0 0.52637 0.51911
1650533 8.5 0.49854 0.49175
1650534 9.0 0.47219 0.46604
1650535 9.5 0.44723 0.44177
1650536 10.0 0.42223 0.4174
1650537 10.5 0.39833 0.39437
1650538 11.0 0.37498 0.37332
1650539 11.5 0.35148 0.35225
1650540 12.0 0.32946 0.32954
1650541 12.5 0.30821 0.30861
1650542 13.0 0.2875 0.28597
1650543 13.5 0.26819 0.26659
1650544 14.0 0.25018 0.24693
1650545 14.5 0.23224 0.22924
1650546 15.0 0.21522 0.21405
1650547 15.5 0.19945 0.1986
1650548 16.0 0.18484 0.18344
1650549 16.5 0.1713 0.17255
1650550 17.0 0.15766 0.15736
1650551 17.5 0.14477 0.14582
1650552 18.0 0.13294 0.13439
1650553 18.5 0.12208 0.12349
1650554 19.0 0.11216 0.1133
1650555 19.5 0.10313 0.10258
1650556 20.0 0.09483 0.094203
1650557 20.5 0.087198 0.087398
1650558 21.0 0.080207 0.080833
1650559 21.5 0.073926 0.074733
1650560 22.0 0.068138 0.068072
1650561 22.5 0.062804 0.063392
1650562 23.0 0.057888 0.058443
1650563 23.5 0.053357 0.053526
1650564 24.0 0.049182 0.04944
1650565 24.5 0.045387 0.045628
1650566 25.0 0.041919 0.042119
1650567 25.5 0.038717 0.038755
1650568 26.0 0.035759 0.036029
1650569 26.5 0.033028 0.033352
1650570 27.0 0.030517 0.030714
1650571 27.5 0.028214 0.028325
1650572 28.0 0.02607 0.026309
1650573 28.5 0.024079 0.024215
1650574 29.0 0.022235 0.022412
1650575 29.5 0.020534 0.020569
1650576 30.0 0.018972 0.019024
1650577 30.5 0.017528 0.017488
1650578 31.0 0.016206 0.016175
1650579 31.5 0.014997 0.014963
1650580 32.0 0.013887 0.013797
1650581 32.5 0.012864 0.012704
1650582 33.0 0.01192 0.011781
1650583 33.5 0.011049 0.010902
1650584 34.0 0.010245 0.010043
1650585 34.5 0.0095026 0.0093641
1650586 35.0 0.0088171 0.0086973
1650587 35.5 0.0081759 0.0080807
1650588 36.0 0.0075843 0.0075348
1650589 36.5 0.0070383 0.0071055
1650590 37.0 0.0065342 0.0066579
1650591 37.5 0.0060686 0.0061921
1650592 38.0 0.0056384 0.0057285
1650593 38.5 0.0052406 0.0054329
1650594 39.0 0.0048728 0.0050774
1650595 39.5 0.0045324 0.004705
1650596 40.0 0.0042174 0.004328
1650597 40.5 0.0039312 0.004006
1650598 41.0 0.0036655 0.0036558
1650599 41.5 0.0034187 0.0034178
1650600 42.0 0.0031894 0.0031783
1650601 42.5 0.0029763 0.002958
1650602 43.0 0.0027781 0.002804
1650603 43.5 0.0025939 0.0026137
1650604 44.0 0.0024226 0.0024164
1650605 44.5 0.0022632 0.0022281
1650606 45.0 0.0021148 0.0021226
1650607 45.5 0.001983 0.0019991
1650608 46.0 0.0018594 0.0018563
1650609 46.5 0.0017437 0.0017411
1650610 47.0 0.0016352 0.0016711
1650611 47.5 0.0015336 0.001544
1650612 48.0 0.0014384 0.0014237
1650613 48.5 0.0013491 0.0013434
1650614 49.0 0.0012654 0.0012548
1650615 49.5 0.001187 0.0011704
1650616 50.0 0.0011135 0.0011025
1650617 50.5 0.0010487 0.0010251
1650618 51.0 0.00098743 0.00095988
1650619 51.5 0.00092954 0.00090621
1650620 52.0 0.00087485 0.00085698
1650621 52.5 0.00082321 0.00078697
1650622 53.0 0.00077443 0.00074466
1650623 53.5 0.00072839 0.000699
1650624 54.0 0.00068493 0.00068533
1650625 54.5 0.00064391 0.00063946
1650626 55.0 0.00060522 0.00058518
1650627 55.5 0.00056946 0.00054619
1650628 56.0 0.00053563 0.00051799
1650629 56.5 0.00050363 0.00048349
1650630 57.0 0.00047338 0.00045286
1650631 57.5 0.0004448 0.00042138
1650632 58.0 0.00041778 0.00040538
1650633 58.5 0.00039227 0.00037596
1650634 59.0 0.00036818 0.00034571
1650635 59.5 0.00034544 0.00032284
1650636 60.0 0.00032399 0.00030276
1650637 60.5 0.00030372 0.00028967
1650638 61.0 0.00028463 0.00026514
1650639 61.5 0.00026664 0.00024827
1650640 62.0 0.00024971 0.00022912
1650641 62.5 0.00023377 0.00020607
1650642 63.0 0.00021877 0.00019858
1650643 63.5 0.00020467 0.00017987
1650644 64.0 0.0001914 0.00016863
1650645 64.5 0.00017893 0.00016071
1650646 65.0 0.00016721 0.00015058
1650647 65.5 0.0001562 0.0001425
1650648 66.0 0.00014585 0.00013174
1650649 66.5 0.00013614 0.00012426
1650650 67.0 0.00012702 0.00011723
1650651 67.5 0.00011847 0.00011184
1650652 68.0 0.00011044 0.00010441
1650653 68.5 0.00010291 9.5994e-05
1650654 69.0 9.586e-05 9.0871e-05
1650655 69.5 8.9252e-05 8.5514e-05
1650656 70.0 8.3063e-05 8.0056e-05
1650657 70.5 7.7163e-05 7.5813e-05
1650658 71.0 7.1662e-05 7.0264e-05
1650659 71.5 6.6533e-05 6.6285e-05
1650660 72.0 6.1754e-05 6.1413e-05
1650661 72.5 5.73e-05 5.6386e-05
1650662 73.0 5.3152e-05 5.2971e-05
1650663 73.5 4.929e-05 4.8924e-05
1650664 74.0 4.5694e-05 4.562e-05
1650665 74.5 4.2348e-05 4.09e-05
1650666 75.0 3.9234e-05 3.727e-05
1650667 75.5 3.6322e-05 3.4681e-05
1650668 76.0 3.362e-05 3.3707e-05
1650669 76.5 3.1114e-05 3.1491e-05
1650670 77.0 2.879e-05 2.8944e-05
1650671 77.5 2.6635e-05 2.6397e-05
1650672 78.0 2.4638e-05 2.4776e-05
1650673 78.5 2.2786e-05 2.2853e-05
1650674 79.0 2.107e-05 2.0755e-05
1650675 79.5 1.948e-05 1.9637e-05
1650676 80.0 1.8007e-05 1.8387e-05
1650677 80.5 1.6666e-05 1.7054e-05
1650678 81.0 1.5421e-05 1.5678e-05
1650679 81.5 1.4266e-05 1.4396e-05
1650680 82.0 1.3195e-05 1.3396e-05
1650681 82.5 1.2201e-05 1.2404e-05
1650682 83.0 1.1279e-05 1.1448e-05
1650683 83.5 1.0424e-05 1.0268e-05
1650684 84.0 9.6315e-06 9.7626e-06
1650685 84.5 8.8972e-06 8.8454e-06
1650686 85.0 8.2168e-06 8.2119e-06
1650687 85.5 7.5691e-06 7.4719e-06
1650688 86.0 6.9703e-06 6.7448e-06
1650689 86.5 6.4168e-06 6.3517e-06
1650690 87.0 5.9053e-06 5.6752e-06
1650691 87.5 5.4329e-06 5.2288e-06
1650692 88.0 4.9967e-06 4.8573e-06
1650693 88.5 4.5939e-06 4.5399e-06
1650694 89.0 4.2223e-06 4.145e-06
1650695 89.5 3.8794e-06 3.7151e-06
1650696 90.0 3.5632e-06 3.3438e-06
1650697 90.5 3.2661e-06 3.0008e-06
1650698 91.0 2.9921e-06 2.8509e-06
1650699 91.5 2.7394e-06 2.5598e-06
1650700 92.0 2.5064e-06 2.203e-06
1650701 92.5 2.2918e-06 2.1341e-06
1650702 93.0 2.0942e-06 1.9743e-06
1650703 93.5 1.9124e-06 1.823e-06
1650704 94.0 1.7451e-06 1.6922e-06
1650705 94.5 1.5915e-06 1.4937e-06
1650706 95.0 1.4504e-06 1.3707e-06
1650707 95.5 1.3156e-06 1.2212e-06
1650708 96.0 1.1938e-06 1.1086e-06
1650709 96.5 1.0837e-06 1.0337e-06
1650710 97.0 9.8411e-07 9.2669e-07
1650711 97.5 8.94e-07 8.2234e-07
1650712 98.0 8.1243e-07 7.3888e-07
1650713 98.5 7.3857e-07 6.5842e-07
1650714 99.0 6.7167e-07 5.4824e-07
1650715 99.5 6.1105e-07 4.9299e-07
1650716 100.0 5.5611e-07 4.8368e-07
1650717 100.5 5.0368e-07 4.3275e-07
1650718 101.0 4.5678e-07 4.0431e-07
1650719 101.5 4.1476e-07 3.8629e-07
1650720 102.0 3.7705e-07 3.3613e-07
1650721 102.5 3.4316e-07 2.8955e-07
1650722 103.0 3.1267e-07 2.6639e-07
1650723 103.5 2.852e-07 2.4614e-07
1650724 104.0 2.6042e-07 2.1904e-07
1650725 104.5 2.3804e-07 2.1165e-07
1650726 105.0 2.1782e-07 2.0867e-07
1650727 105.5 1.9878e-07 1.7537e-07
1650728 106.0 1.8174e-07 1.571e-07
1650729 106.5 1.6645e-07 1.433e-07
1650730 107.0 1.5269e-07 1.2992e-07
1650731 107.5 1.4029e-07 1.1443e-07
1650732 108.0 1.2908e-07 1.1444e-07
1650733 108.5 1.1894e-07 1.0851e-07
1650734 109.0 1.0974e-07 1.1105e-07
1650735 109.5 1.0139e-07 1.0014e-07
1650736 110.0 9.3782e-08 9.4364e-08
1650737 110.5 8.6689e-08 8.5891e-08
1650738 111.0 8.027e-08 8.2358e-08
1650739 111.5 7.4446e-08 7.5383e-08
1650740 112.0 6.9146e-08 7.2872e-08
1650741 112.5 6.4312e-08 6.8346e-08
1650742 113.0 5.9892e-08 6.5971e-08
1650743 113.5 5.5844e-08 6.1687e-08
1650744 114.0 5.2129e-08 5.7027e-08
1650745 114.5 4.8712e-08 5.529e-08
1650746 115.0 4.5565e-08 5.2177e-08
1650747 115.5 4.2658e-08 4.7311e-08
1650748 116.0 3.9975e-08 4.5175e-08
1650749 116.5 3.7495e-08 4.1177e-08
1650750 117.0 3.5199e-08 3.6842e-08
1650751 117.5 3.307e-08 3.5027e-08
1650752 118.0 3.1094e-08 3.355e-08
1650753 118.5 2.9258e-08 3.1316e-08
1650754 119.0 2.755e-08 2.9078e-08
1650755 119.5 2.5959e-08 2.6839e-08
1650756 120.0 2.4476e-08 2.6359e-08
1650757 120.5 2.3096e-08 2.4405e-08
1650758 121.0 2.1815e-08 2.4079e-08
1650759 121.5 2.0624e-08 2.235e-08
1650760 122.0 1.9516e-08 2.1863e-08
1650761 122.5 1.8484e-08 2.0969e-08
1650762 123.0 1.7523e-08 1.9782e-08
1650763 123.5 1.6627e-08 1.8288e-08
1650764 124.0 1.579e-08 1.7148e-08
1650765 124.5 1.5009e-08 1.5826e-08
1650766 125.0 1.4278e-08 1.5045e-08
1650767 125.5 1.3595e-08 1.4097e-08
1650768 126.0 1.2955e-08 1.3806e-08
1650769 126.5 1.2355e-08 1.3582e-08
1650770 127.0 1.1792e-08 1.3168e-08
1650771 127.5 1.1263e-08 1.2759e-08
1650772 128.0 1.0766e-08 1.2056e-08
1650773 128.5 1.0298e-08 1.1399e-08
1650774 129.0 9.8578e-09 1.0704e-08
1650775 129.5 9.4426e-09 1.0256e-08
1650776 130.0 9.0509e-09 9.7227e-09
1650777 130.5 8.681e-09 9.5138e-09
1650778 131.0 8.3315e-09 9.0021e-09
1650779 131.5 8.001e-09 8.5014e-09
1650780 132.0 7.6883e-09 8.0848e-09
1650781 132.5 7.392e-09 7.5362e-09
1650782 133.0 7.1112e-09 6.9552e-09
1650783 133.5 6.8449e-09 6.5779e-09
1650784 134.0 6.5921e-09 6.5544e-09
1650785 134.5 6.3521e-09 6.4663e-09
1650786 135.0 6.1239e-09 6.1654e-09
1650787 135.5 5.9069e-09 6.0971e-09
1650788 136.0 5.7004e-09 5.7996e-09
1650789 136.5 5.5037e-09 5.4927e-09
1650790 137.0 5.3163e-09 5.2211e-09
1650791 137.5 5.1377e-09 4.9462e-09
1650792 138.0 4.9673e-09 4.6381e-09
1650793 138.5 4.8046e-09 4.5837e-09
1650794 139.0 4.6493e-09 4.4525e-09
1650795 139.5 4.5009e-09 4.5297e-09
1650796 140.0 4.3589e-09 4.3049e-09
1650797 140.5 4.2232e-09 4.1207e-09
1650798 141.0 4.0932e-09 3.9636e-09
1650799 141.5 3.9688e-09 3.9065e-09
1650800 142.0 3.8496e-09 3.8891e-09
1650801 142.5 3.7353e-09 3.8369e-09
1650802 143.0 3.6258e-09 3.709e-09
1650803 143.5 3.5206e-09 3.6939e-09
1650804 144.0 3.4197e-09 3.5417e-09
1650805 144.5 3.3228e-09 3.4362e-09
1650806 145.0 3.2297e-09 3.3962e-09
1650807 145.5 3.1402e-09 3.3172e-09
1650808 146.0 3.0542e-09 3.1819e-09
1650809 146.5 2.9714e-09 3.1003e-09
1650810 147.0 2.8918e-09 3.0112e-09
1650811 147.5 2.8151e-09 3.0439e-09
1650812 148.0 2.7412e-09 2.8973e-09
1650813 148.5 2.67e-09 2.8476e-09
1650814 149.0 2.6014e-09 2.7902e-09
1650815 149.5 2.5352e-09 2.6858e-09
1650816 150.0 2.4714e-09 2.5762e-09
1650817 150.5 2.4098e-09 2.6054e-09
1650818 151.0 2.3504e-09 2.5138e-09
1650819 151.5 2.293e-09 2.4924e-09
1650820 152.0 2.2375e-09 2.4563e-09
1650821 152.5 2.1839e-09 2.3714e-09
1650822 153.0 2.1321e-09 2.2833e-09
1650823 153.5 2.082e-09 2.3219e-09
1650824 154.0 2.0335e-09 2.282e-09
1650825 154.5 1.9866e-09 2.1887e-09
1650826 155.0 1.9413e-09 2.1702e-09
1650827 155.5 1.8973e-09 2.0663e-09
1650828 156.0 1.8547e-09 2.0581e-09
1650829 156.5 1.8135e-09 2.0241e-09
1650830 157.0 1.7735e-09 2.0054e-09
1650831 157.5 1.7348e-09 1.8993e-09
1650832 158.0 1.6972e-09 1.8298e-09
1650833 158.5 1.6608e-09 1.8114e-09
1650834 159.0 1.6255e-09 1.8046e-09
1650835 159.5 1.5911e-09 1.7733e-09
1650836 160.0 1.5578e-09 1.6759e-09
1650837 160.5 1.5255e-09 1.6055e-09
1650838 161.0 1.4941e-09 1.6203e-09
1650839 161.5 1.4636e-09 1.5883e-09
1650840 162.0 1.434e-09 1.5176e-09
1650841 162.5 1.4051e-09 1.4473e-09
1650842 163.0 1.3771e-09 1.4194e-09
1650843 163.5 1.3499e-09 1.3809e-09
1650844 164.0 1.3234e-09 1.3578e-09
1650845 164.5 1.2976e-09 1.2891e-09
1650846 165.0 1.2725e-09 1.2834e-09
1650847 165.5 1.2481e-09 1.2518e-09
1650848 166.0 1.2243e-09 1.2273e-09
1650849 166.5 1.2012e-09 1.221e-09
1650850 167.0 1.1786e-09 1.2034e-09
1650851 167.5 1.1567e-09 1.1796e-09
1650852 168.0 1.1353e-09 1.1352e-09
1650853 168.5 1.1144e-09 1.109e-09
1650854 169.0 1.0941e-09 1.0835e-09
1650855 169.5 1.0743e-09 1.0623e-09
1650856 170.0 1.055e-09 1.0485e-09
1650857 170.5 1.0361e-09 1.0227e-09
1650858 171.0 1.0177e-09 1.0139e-09
1650859 171.5 9.9978e-10 1.0039e-09
1650860 172.0 9.8227e-10 9.9683e-10
1650861 172.5 9.6518e-10 9.6149e-10
1650862 173.0 9.485e-10 9.6514e-10
1650863 173.5 9.3221e-10 9.7293e-10
1650864 174.0 9.163e-10 9.524e-10
1650865 174.5 9.0076e-10 9.1473e-10
1650866 175.0 8.8558e-10 8.8045e-10
1650867 175.5 8.7075e-10 8.6946e-10
1650868 176.0 8.5626e-10 8.5419e-10
1650869 176.5 8.4209e-10 8.32e-10
1650870 177.0 8.2824e-10 8.2943e-10
1650871 177.5 8.1471e-10 8.0451e-10
1650872 178.0 8.0147e-10 7.8451e-10
1650873 178.5 7.8852e-10 8.1144e-10
1650874 179.0 7.7586e-10 7.8239e-10
1650875 179.5 7.6347e-10 7.4774e-10
1650876 180.0 7.5134e-10 7.2247e-10
1650877 180.5 7.3948e-10 7.095e-10
1650878 181.0 7.2787e-10 7.0682e-10
1650879 181.5 7.1651e-10 7.0504e-10
1650880 182.0 7.0539e-10 6.9013e-10
1650881 182.5 6.945e-10 6.7818e-10
1650882 183.0 6.8383e-10 6.5116e-10
1650883 183.5 6.7339e-10 6.3552e-10
1650884 184.0 6.6315e-10 6.3115e-10
1650885 184.5 6.5313e-10 6.2752e-10
1650886 185.0 6.4331e-10 6.123e-10
1650887 185.5 6.3369e-10 5.9281e-10
1650888 186.0 6.2426e-10 6.0377e-10
1650889 186.5 6.1502e-10 5.7841e-10
1650890 187.0 6.0596e-10 5.7317e-10
1650891 187.5 5.9708e-10 5.631e-10
1650892 188.0 5.8838e-10 5.743e-10
1650893 188.5 5.7984e-10 5.7188e-10
1650894 189.0 5.7147e-10 5.5915e-10
1650895 189.5 5.6326e-10 5.4921e-10
1650896 190.0 5.5521e-10 5.4287e-10
1650897 190.5 5.473e-10 5.4735e-10
1650898 191.0 5.3955e-10 5.3936e-10
1650899 191.5 5.3195e-10 5.3479e-10
1650900 192.0 5.2448e-10 5.0699e-10
1650901 192.5 5.1716e-10 4.9317e-10
1650902 193.0 5.0997e-10 4.8815e-10
1650903 193.5 5.0292e-10 4.9418e-10
1650904 194.0 4.9599e-10 4.8709e-10
1650905 194.5 4.8919e-10 4.7734e-10
1650906 195.0 4.8251e-10 4.8317e-10
1650907 195.5 4.7595e-10 4.6274e-10
1650908 196.0 4.6951e-10 4.5546e-10
1650909 196.5 4.6319e-10 4.5479e-10
1650910 197.0 4.5697e-10 4.486e-10
1650911 197.5 4.5087e-10 4.5037e-10
1650912 198.0 4.4487e-10 4.5021e-10
1650913 198.5 4.3898e-10 4.3484e-10
1650914 199.0 4.3319e-10 4.3381e-10
1650915 199.5 4.275e-10 4.3657e-10
1650916 200.0 4.2191e-10 4.3438e-10
