 Hgtkm DensMean DensPert
1652521 0.0 1.1656 1.136
1652522 0.5 1.1117 1.1158
1652523 1.0 1.06 1.0882
1652524 1.5 1.0101 1.014
1652525 2.0 0.96405 0.96221
1652526 2.5 0.91875 0.91715
1652527 3.0 0.87485 0.87557
1652528 3.5 0.83389 0.84245
1652529 4.0 0.79521 0.81459
1652530 4.5 0.75791 0.76662
1652531 5.0 0.72062 0.72589
1652532 5.5 0.68516 0.69342
1652533 6.0 0.65099 0.66471
1652534 6.5 0.61753 0.6252
1652535 7.0 0.5858 0.59175
1652536 7.5 0.5557 0.56332
1652537 8.0 0.52637 0.53361
1652538 8.5 0.49854 0.50682
1652539 9.0 0.47219 0.48034
1652540 9.5 0.44723 0.45287
1652541 10.0 0.42223 0.43054
1652542 10.5 0.39833 0.40739
1652543 11.0 0.37498 0.38251
1652544 11.5 0.35148 0.35678
1652545 12.0 0.32946 0.3353
1652546 12.5 0.30821 0.31585
1652547 13.0 0.2875 0.29336
1652548 13.5 0.26819 0.27319
1652549 14.0 0.25018 0.25671
1652550 14.5 0.23224 0.23713
1652551 15.0 0.21522 0.21903
1652552 15.5 0.19945 0.2009
1652553 16.0 0.18484 0.18505
1652554 16.5 0.1713 0.17093
1652555 17.0 0.15766 0.15595
1652556 17.5 0.14477 0.1451
1652557 18.0 0.13294 0.13144
1652558 18.5 0.12208 0.12242
1652559 19.0 0.11216 0.11235
1652560 19.5 0.10313 0.10301
1652561 20.0 0.09483 0.094181
1652562 20.5 0.087198 0.086744
1652563 21.0 0.080207 0.079916
1652564 21.5 0.073926 0.073948
1652565 22.0 0.068138 0.06836
1652566 22.5 0.062804 0.062851
1652567 23.0 0.057888 0.057728
1652568 23.5 0.053357 0.053018
1652569 24.0 0.049182 0.049221
1652570 24.5 0.045387 0.044991
1652571 25.0 0.041919 0.041629
1652572 25.5 0.038717 0.038415
1652573 26.0 0.035759 0.035368
1652574 26.5 0.033028 0.032801
1652575 27.0 0.030517 0.03029
1652576 27.5 0.028214 0.027844
1652577 28.0 0.02607 0.025958
1652578 28.5 0.024079 0.023922
1652579 29.0 0.022235 0.022138
1652580 29.5 0.020534 0.020303
1652581 30.0 0.018972 0.01875
1652582 30.5 0.017528 0.017268
1652583 31.0 0.016206 0.015925
1652584 31.5 0.014997 0.014894
1652585 32.0 0.013887 0.01383
1652586 32.5 0.012864 0.012762
1652587 33.0 0.01192 0.01187
1652588 33.5 0.011049 0.010855
1652589 34.0 0.010245 0.010088
1652590 34.5 0.0095026 0.0093548
1652591 35.0 0.0088171 0.0086276
1652592 35.5 0.0081759 0.007947
1652593 36.0 0.0075843 0.0073987
1652594 36.5 0.0070383 0.0068183
1652595 37.0 0.0065342 0.0064007
1652596 37.5 0.0060686 0.0060215
1652597 38.0 0.0056384 0.0056127
1652598 38.5 0.0052406 0.0051627
1652599 39.0 0.0048728 0.0048614
1652600 39.5 0.0045324 0.0045241
1652601 40.0 0.0042174 0.0042187
1652602 40.5 0.0039312 0.0039361
1652603 41.0 0.0036655 0.0036139
1652604 41.5 0.0034187 0.0033606
1652605 42.0 0.0031894 0.0031477
1652606 42.5 0.0029763 0.002956
1652607 43.0 0.0027781 0.0028109
1652608 43.5 0.0025939 0.002594
1652609 44.0 0.0024226 0.0024252
1652610 44.5 0.0022632 0.002293
1652611 45.0 0.0021148 0.0021445
1652612 45.5 0.001983 0.0020105
1652613 46.0 0.0018594 0.0018966
1652614 46.5 0.0017437 0.0017662
1652615 47.0 0.0016352 0.0016184
1652616 47.5 0.0015336 0.0015191
1652617 48.0 0.0014384 0.0014111
1652618 48.5 0.0013491 0.001321
1652619 49.0 0.0012654 0.0012499
1652620 49.5 0.001187 0.0011889
1652621 50.0 0.0011135 0.0010956
1652622 50.5 0.0010487 0.0010571
1652623 51.0 0.00098743 0.001014
1652624 51.5 0.00092954 0.00094657
1652625 52.0 0.00087485 0.00088743
1652626 52.5 0.00082321 0.00083478
1652627 53.0 0.00077443 0.00078797
1652628 53.5 0.00072839 0.00074626
1652629 54.0 0.00068493 0.00070719
1652630 54.5 0.00064391 0.00067612
1652631 55.0 0.00060522 0.00063627
1652632 55.5 0.00056946 0.00059858
1652633 56.0 0.00053563 0.00057018
1652634 56.5 0.00050363 0.00053885
1652635 57.0 0.00047338 0.00050813
1652636 57.5 0.0004448 0.00047139
1652637 58.0 0.00041778 0.00044288
1652638 58.5 0.00039227 0.00041307
1652639 59.0 0.00036818 0.00038505
1652640 59.5 0.00034544 0.00036472
1652641 60.0 0.00032399 0.00033926
1652642 60.5 0.00030372 0.00031699
1652643 61.0 0.00028463 0.0002963
1652644 61.5 0.00026664 0.00027123
1652645 62.0 0.00024971 0.00025439
1652646 62.5 0.00023377 0.00023243
1652647 63.0 0.00021877 0.00022295
1652648 63.5 0.00020467 0.00020926
1652649 64.0 0.0001914 0.00019501
1652650 64.5 0.00017893 0.00018757
1652651 65.0 0.00016721 0.00017907
1652652 65.5 0.0001562 0.00016689
1652653 66.0 0.00014585 0.00015327
1652654 66.5 0.00013614 0.00014229
1652655 67.0 0.00012702 0.0001354
1652656 67.5 0.00011847 0.00012973
1652657 68.0 0.00011044 0.00012062
1652658 68.5 0.00010291 0.00011365
1652659 69.0 9.586e-05 0.00010202
1652660 69.5 8.9252e-05 9.5657e-05
1652661 70.0 8.3063e-05 8.8064e-05
1652662 70.5 7.7163e-05 8.4075e-05
1652663 71.0 7.1662e-05 7.7128e-05
1652664 71.5 6.6533e-05 7.083e-05
1652665 72.0 6.1754e-05 6.6024e-05
1652666 72.5 5.73e-05 6.23e-05
1652667 73.0 5.3152e-05 5.6418e-05
1652668 73.5 4.929e-05 5.1572e-05
1652669 74.0 4.5694e-05 4.8987e-05
1652670 74.5 4.2348e-05 4.5705e-05
1652671 75.0 3.9234e-05 4.202e-05
1652672 75.5 3.6322e-05 3.9562e-05
1652673 76.0 3.362e-05 3.598e-05
1652674 76.5 3.1114e-05 3.2895e-05
1652675 77.0 2.879e-05 3.0399e-05
1652676 77.5 2.6635e-05 2.7954e-05
1652677 78.0 2.4638e-05 2.5674e-05
1652678 78.5 2.2786e-05 2.3939e-05
1652679 79.0 2.107e-05 2.2039e-05
1652680 79.5 1.948e-05 2.0241e-05
1652681 80.0 1.8007e-05 1.8411e-05
1652682 80.5 1.6666e-05 1.6623e-05
1652683 81.0 1.5421e-05 1.5863e-05
1652684 81.5 1.4266e-05 1.4712e-05
1652685 82.0 1.3195e-05 1.3846e-05
1652686 82.5 1.2201e-05 1.2558e-05
1652687 83.0 1.1279e-05 1.1567e-05
1652688 83.5 1.0424e-05 1.0527e-05
1652689 84.0 9.6315e-06 9.9177e-06
1652690 84.5 8.8972e-06 8.9954e-06
1652691 85.0 8.2168e-06 8.446e-06
1652692 85.5 7.5691e-06 7.8394e-06
1652693 86.0 6.9703e-06 7.6724e-06
1652694 86.5 6.4168e-06 7.1173e-06
1652695 87.0 5.9053e-06 6.2594e-06
1652696 87.5 5.4329e-06 5.6826e-06
1652697 88.0 4.9967e-06 5.3821e-06
1652698 88.5 4.5939e-06 5.1507e-06
1652699 89.0 4.2223e-06 4.7324e-06
1652700 89.5 3.8794e-06 4.1588e-06
1652701 90.0 3.5632e-06 3.939e-06
1652702 90.5 3.2661e-06 3.8164e-06
1652703 91.0 2.9921e-06 3.4841e-06
1652704 91.5 2.7394e-06 3.1897e-06
1652705 92.0 2.5064e-06 2.8634e-06
1652706 92.5 2.2918e-06 2.5317e-06
1652707 93.0 2.0942e-06 2.3153e-06
1652708 93.5 1.9124e-06 2.0344e-06
1652709 94.0 1.7451e-06 1.919e-06
1652710 94.5 1.5915e-06 1.718e-06
1652711 95.0 1.4504e-06 1.5816e-06
1652712 95.5 1.3156e-06 1.4926e-06
1652713 96.0 1.1938e-06 1.3538e-06
1652714 96.5 1.0837e-06 1.2828e-06
1652715 97.0 9.8411e-07 1.0759e-06
1652716 97.5 8.94e-07 9.3077e-07
1652717 98.0 8.1243e-07 8.3084e-07
1652718 98.5 7.3857e-07 7.7632e-07
1652719 99.0 6.7167e-07 7.6057e-07
1652720 99.5 6.1105e-07 6.779e-07
1652721 100.0 5.5611e-07 6.3711e-07
1652722 100.5 5.0368e-07 5.4541e-07
1652723 101.0 4.5678e-07 4.3928e-07
1652724 101.5 4.1476e-07 4.2657e-07
1652725 102.0 3.7705e-07 3.8993e-07
1652726 102.5 3.4316e-07 3.6947e-07
1652727 103.0 3.1267e-07 3.3209e-07
1652728 103.5 2.852e-07 3.105e-07
1652729 104.0 2.6042e-07 2.8294e-07
1652730 104.5 2.3804e-07 2.7407e-07
1652731 105.0 2.1782e-07 2.4268e-07
1652732 105.5 1.9878e-07 2.1586e-07
1652733 106.0 1.8174e-07 2.0628e-07
1652734 106.5 1.6645e-07 1.8067e-07
1652735 107.0 1.5269e-07 1.591e-07
1652736 107.5 1.4029e-07 1.5178e-07
1652737 108.0 1.2908e-07 1.378e-07
1652738 108.5 1.1894e-07 1.2971e-07
1652739 109.0 1.0974e-07 1.1515e-07
1652740 109.5 1.0139e-07 1.1149e-07
1652741 110.0 9.3782e-08 1.0285e-07
1652742 110.5 8.6689e-08 9.5425e-08
1652743 111.0 8.027e-08 8.823e-08
1652744 111.5 7.4446e-08 7.9653e-08
1652745 112.0 6.9146e-08 7.5968e-08
1652746 112.5 6.4312e-08 6.9808e-08
1652747 113.0 5.9892e-08 6.5564e-08
1652748 113.5 5.5844e-08 6.2763e-08
1652749 114.0 5.2129e-08 5.8326e-08
1652750 114.5 4.8712e-08 5.3007e-08
1652751 115.0 4.5565e-08 5.0219e-08
1652752 115.5 4.2658e-08 4.6972e-08
1652753 116.0 3.9975e-08 4.4054e-08
1652754 116.5 3.7495e-08 4.0236e-08
1652755 117.0 3.5199e-08 3.8197e-08
1652756 117.5 3.307e-08 3.5921e-08
1652757 118.0 3.1094e-08 3.4522e-08
1652758 118.5 2.9258e-08 3.1726e-08
1652759 119.0 2.755e-08 2.9811e-08
1652760 119.5 2.5959e-08 2.8713e-08
1652761 120.0 2.4476e-08 2.6124e-08
1652762 120.5 2.3096e-08 2.5458e-08
1652763 121.0 2.1815e-08 2.3306e-08
1652764 121.5 2.0624e-08 2.1661e-08
1652765 122.0 1.9516e-08 2.0253e-08
1652766 122.5 1.8484e-08 1.8881e-08
1652767 123.0 1.7523e-08 1.7649e-08
1652768 123.5 1.6627e-08 1.6974e-08
1652769 124.0 1.579e-08 1.5624e-08
1652770 124.5 1.5009e-08 1.4931e-08
1652771 125.0 1.4278e-08 1.4316e-08
1652772 125.5 1.3595e-08 1.3404e-08
1652773 126.0 1.2955e-08 1.2745e-08
1652774 126.5 1.2355e-08 1.2264e-08
1652775 127.0 1.1792e-08 1.1677e-08
1652776 127.5 1.1263e-08 1.1751e-08
1652777 128.0 1.0766e-08 1.1591e-08
1652778 128.5 1.0298e-08 1.1117e-08
1652779 129.0 9.8578e-09 1.0724e-08
1652780 129.5 9.4426e-09 1.0028e-08
1652781 130.0 9.0509e-09 9.7104e-09
1652782 130.5 8.681e-09 9.3998e-09
1652783 131.0 8.3315e-09 8.927e-09
1652784 131.5 8.001e-09 8.3927e-09
1652785 132.0 7.6883e-09 8.0798e-09
1652786 132.5 7.392e-09 7.8006e-09
1652787 133.0 7.1112e-09 7.7088e-09
1652788 133.5 6.8449e-09 7.5504e-09
1652789 134.0 6.5921e-09 7.3354e-09
1652790 134.5 6.3521e-09 6.9564e-09
1652791 135.0 6.1239e-09 6.719e-09
1652792 135.5 5.9069e-09 6.428e-09
1652793 136.0 5.7004e-09 6.1759e-09
1652794 136.5 5.5037e-09 6.0554e-09
1652795 137.0 5.3163e-09 5.702e-09
1652796 137.5 5.1377e-09 5.4567e-09
1652797 138.0 4.9673e-09 5.1909e-09
1652798 138.5 4.8046e-09 4.9808e-09
1652799 139.0 4.6493e-09 4.7179e-09
1652800 139.5 4.5009e-09 4.568e-09
1652801 140.0 4.3589e-09 4.4987e-09
1652802 140.5 4.2232e-09 4.3307e-09
1652803 141.0 4.0932e-09 4.0977e-09
1652804 141.5 3.9688e-09 3.8738e-09
1652805 142.0 3.8496e-09 3.8773e-09
1652806 142.5 3.7353e-09 3.7557e-09
1652807 143.0 3.6258e-09 3.7573e-09
1652808 143.5 3.5206e-09 3.5878e-09
1652809 144.0 3.4197e-09 3.52e-09
1652810 144.5 3.3228e-09 3.3919e-09
1652811 145.0 3.2297e-09 3.3781e-09
1652812 145.5 3.1402e-09 3.302e-09
1652813 146.0 3.0542e-09 3.1796e-09
1652814 146.5 2.9714e-09 3.1335e-09
1652815 147.0 2.8918e-09 3.0005e-09
1652816 147.5 2.8151e-09 2.9606e-09
1652817 148.0 2.7412e-09 2.8716e-09
1652818 148.5 2.67e-09 2.8347e-09
1652819 149.0 2.6014e-09 2.8215e-09
1652820 149.5 2.5352e-09 2.6932e-09
1652821 150.0 2.4714e-09 2.6665e-09
1652822 150.5 2.4098e-09 2.5857e-09
1652823 151.0 2.3504e-09 2.5435e-09
1652824 151.5 2.293e-09 2.4076e-09
1652825 152.0 2.2375e-09 2.3954e-09
1652826 152.5 2.1839e-09 2.414e-09
1652827 153.0 2.1321e-09 2.3106e-09
1652828 153.5 2.082e-09 2.2151e-09
1652829 154.0 2.0335e-09 2.1003e-09
1652830 154.5 1.9866e-09 2.0929e-09
1652831 155.0 1.9413e-09 2.0571e-09
1652832 155.5 1.8973e-09 2.0103e-09
1652833 156.0 1.8547e-09 1.921e-09
1652834 156.5 1.8135e-09 1.8411e-09
1652835 157.0 1.7735e-09 1.7653e-09
1652836 157.5 1.7348e-09 1.7588e-09
1652837 158.0 1.6972e-09 1.703e-09
1652838 158.5 1.6608e-09 1.7101e-09
1652839 159.0 1.6255e-09 1.6399e-09
1652840 159.5 1.5911e-09 1.599e-09
1652841 160.0 1.5578e-09 1.5201e-09
1652842 160.5 1.5255e-09 1.5076e-09
1652843 161.0 1.4941e-09 1.5088e-09
1652844 161.5 1.4636e-09 1.4907e-09
1652845 162.0 1.434e-09 1.4206e-09
1652846 162.5 1.4051e-09 1.4137e-09
1652847 163.0 1.3771e-09 1.3867e-09
1652848 163.5 1.3499e-09 1.3303e-09
1652849 164.0 1.3234e-09 1.3245e-09
1652850 164.5 1.2976e-09 1.3212e-09
1652851 165.0 1.2725e-09 1.2911e-09
1652852 165.5 1.2481e-09 1.245e-09
1652853 166.0 1.2243e-09 1.2231e-09
1652854 166.5 1.2012e-09 1.1946e-09
1652855 167.0 1.1786e-09 1.1799e-09
1652856 167.5 1.1567e-09 1.1538e-09
1652857 168.0 1.1353e-09 1.1452e-09
1652858 168.5 1.1144e-09 1.1072e-09
1652859 169.0 1.0941e-09 1.0755e-09
1652860 169.5 1.0743e-09 1.0636e-09
1652861 170.0 1.055e-09 1.0445e-09
1652862 170.5 1.0361e-09 1.03e-09
1652863 171.0 1.0177e-09 1.0142e-09
1652864 171.5 9.9978e-10 1.0326e-09
1652865 172.0 9.8227e-10 1.0053e-09
1652866 172.5 9.6518e-10 1.001e-09
1652867 173.0 9.485e-10 9.546e-10
1652868 173.5 9.3221e-10 9.4289e-10
1652869 174.0 9.163e-10 8.9897e-10
1652870 174.5 9.0076e-10 8.7874e-10
1652871 175.0 8.8558e-10 8.7457e-10
1652872 175.5 8.7075e-10 8.6089e-10
1652873 176.0 8.5626e-10 8.6009e-10
1652874 176.5 8.4209e-10 8.5447e-10
1652875 177.0 8.2824e-10 8.44e-10
1652876 177.5 8.1471e-10 8.4432e-10
1652877 178.0 8.0147e-10 8.1953e-10
1652878 178.5 7.8852e-10 8.0181e-10
1652879 179.0 7.7586e-10 7.9731e-10
1652880 179.5 7.6347e-10 7.7686e-10
1652881 180.0 7.5134e-10 7.6432e-10
1652882 180.5 7.3948e-10 7.3999e-10
1652883 181.0 7.2787e-10 7.3053e-10
1652884 181.5 7.1651e-10 7.1904e-10
1652885 182.0 7.0539e-10 7.1156e-10
1652886 182.5 6.945e-10 7.0263e-10
1652887 183.0 6.8383e-10 6.9442e-10
1652888 183.5 6.7339e-10 6.7959e-10
1652889 184.0 6.6315e-10 6.7486e-10
1652890 184.5 6.5313e-10 6.7212e-10
1652891 185.0 6.4331e-10 6.504e-10
1652892 185.5 6.3369e-10 6.4156e-10
1652893 186.0 6.2426e-10 6.2848e-10
1652894 186.5 6.1502e-10 6.2115e-10
1652895 187.0 6.0596e-10 6.1419e-10
1652896 187.5 5.9708e-10 6.2553e-10
1652897 188.0 5.8838e-10 6.002e-10
1652898 188.5 5.7984e-10 5.905e-10
1652899 189.0 5.7147e-10 5.828e-10
1652900 189.5 5.6326e-10 5.7501e-10
1652901 190.0 5.5521e-10 5.7508e-10
1652902 190.5 5.473e-10 5.5498e-10
1652903 191.0 5.3955e-10 5.6454e-10
1652904 191.5 5.3195e-10 5.5864e-10
1652905 192.0 5.2448e-10 5.4747e-10
1652906 192.5 5.1716e-10 5.3657e-10
1652907 193.0 5.0997e-10 5.2931e-10
1652908 193.5 5.0292e-10 5.3143e-10
1652909 194.0 4.9599e-10 5.2143e-10
1652910 194.5 4.8919e-10 5.1638e-10
1652911 195.0 4.8251e-10 5.0652e-10
1652912 195.5 4.7595e-10 5.0268e-10
1652913 196.0 4.6951e-10 4.8697e-10
1652914 196.5 4.6319e-10 4.7934e-10
1652915 197.0 4.5697e-10 4.8526e-10
1652916 197.5 4.5087e-10 4.8263e-10
1652917 198.0 4.4487e-10 4.6659e-10
1652918 198.5 4.3898e-10 4.6283e-10
1652919 199.0 4.3319e-10 4.5063e-10
1652920 199.5 4.275e-10 4.4084e-10
1652921 200.0 4.2191e-10 4.4097e-10
