 Hgtkm DensMean DensPert
1692220 0.0 1.1656 1.2048
1692221 0.5 1.1117 1.1192
1692222 1.0 1.06 1.0739
1692223 1.5 1.0101 1.0477
1692224 2.0 0.96405 1.0289
1692225 2.5 0.91875 0.96862
1692226 3.0 0.87485 0.91319
1692227 3.5 0.83389 0.8697
1692228 4.0 0.79521 0.82702
1692229 4.5 0.75791 0.78532
1692230 5.0 0.72062 0.73499
1692231 5.5 0.68516 0.68904
1692232 6.0 0.65099 0.66193
1692233 6.5 0.61753 0.62897
1692234 7.0 0.5858 0.58756
1692235 7.5 0.5557 0.55694
1692236 8.0 0.52637 0.5287
1692237 8.5 0.49854 0.50428
1692238 9.0 0.47219 0.47856
1692239 9.5 0.44723 0.44618
1692240 10.0 0.42223 0.4224
1692241 10.5 0.39833 0.39658
1692242 11.0 0.37498 0.37119
1692243 11.5 0.35148 0.34505
1692244 12.0 0.32946 0.32219
1692245 12.5 0.30821 0.30221
1692246 13.0 0.2875 0.28217
1692247 13.5 0.26819 0.26376
1692248 14.0 0.25018 0.24649
1692249 14.5 0.23224 0.22926
1692250 15.0 0.21522 0.21334
1692251 15.5 0.19945 0.19863
1692252 16.0 0.18484 0.18367
1692253 16.5 0.1713 0.16733
1692254 17.0 0.15766 0.15472
1692255 17.5 0.14477 0.14286
1692256 18.0 0.13294 0.13001
1692257 18.5 0.12208 0.12029
1692258 19.0 0.11216 0.11168
1692259 19.5 0.10313 0.10362
1692260 20.0 0.09483 0.094604
1692261 20.5 0.087198 0.088026
1692262 21.0 0.080207 0.08022
1692263 21.5 0.073926 0.07384
1692264 22.0 0.068138 0.067952
1692265 22.5 0.062804 0.063085
1692266 23.0 0.057888 0.057933
1692267 23.5 0.053357 0.053626
1692268 24.0 0.049182 0.049335
1692269 24.5 0.045387 0.045704
1692270 25.0 0.041919 0.042177
1692271 25.5 0.038717 0.03901
1692272 26.0 0.035759 0.036012
1692273 26.5 0.033028 0.033349
1692274 27.0 0.030517 0.030452
1692275 27.5 0.028214 0.028298
1692276 28.0 0.02607 0.026265
1692277 28.5 0.024079 0.024215
1692278 29.0 0.022235 0.022401
1692279 29.5 0.020534 0.020659
1692280 30.0 0.018972 0.019085
1692281 30.5 0.017528 0.017795
1692282 31.0 0.016206 0.016473
1692283 31.5 0.014997 0.015271
1692284 32.0 0.013887 0.014087
1692285 32.5 0.012864 0.013053
1692286 33.0 0.01192 0.012141
1692287 33.5 0.011049 0.01128
1692288 34.0 0.010245 0.010495
1692289 34.5 0.0095026 0.009671
1692290 35.0 0.0088171 0.0090289
1692291 35.5 0.0081759 0.0084148
1692292 36.0 0.0075843 0.0077711
1692293 36.5 0.0070383 0.0072141
1692294 37.0 0.0065342 0.0067476
1692295 37.5 0.0060686 0.0063112
1692296 38.0 0.0056384 0.0058715
1692297 38.5 0.0052406 0.0054505
1692298 39.0 0.0048728 0.0050687
1692299 39.5 0.0045324 0.0047158
1692300 40.0 0.0042174 0.0043814
1692301 40.5 0.0039312 0.0041173
1692302 41.0 0.0036655 0.003847
1692303 41.5 0.0034187 0.0035699
1692304 42.0 0.0031894 0.0033232
1692305 42.5 0.0029763 0.0031315
1692306 43.0 0.0027781 0.0029362
1692307 43.5 0.0025939 0.0027425
1692308 44.0 0.0024226 0.002523
1692309 44.5 0.0022632 0.0023357
1692310 45.0 0.0021148 0.0021602
1692311 45.5 0.001983 0.0019967
1692312 46.0 0.0018594 0.0018406
1692313 46.5 0.0017437 0.0017376
1692314 47.0 0.0016352 0.0016333
1692315 47.5 0.0015336 0.001502
1692316 48.0 0.0014384 0.0014106
1692317 48.5 0.0013491 0.0013546
1692318 49.0 0.0012654 0.0012528
1692319 49.5 0.001187 0.0011985
1692320 50.0 0.0011135 0.0011201
1692321 50.5 0.0010487 0.0010384
1692322 51.0 0.00098743 0.00097733
1692323 51.5 0.00092954 0.0009431
1692324 52.0 0.00087485 0.0008839
1692325 52.5 0.00082321 0.00081978
1692326 53.0 0.00077443 0.00077981
1692327 53.5 0.00072839 0.00072752
1692328 54.0 0.00068493 0.00068617
1692329 54.5 0.00064391 0.00063493
1692330 55.0 0.00060522 0.00060068
1692331 55.5 0.00056946 0.00056453
1692332 56.0 0.00053563 0.00052318
1692333 56.5 0.00050363 0.00049739
1692334 57.0 0.00047338 0.00047093
1692335 57.5 0.0004448 0.00044593
1692336 58.0 0.00041778 0.00043039
1692337 58.5 0.00039227 0.00038813
1692338 59.0 0.00036818 0.00036682
1692339 59.5 0.00034544 0.00034806
1692340 60.0 0.00032399 0.00032759
1692341 60.5 0.00030372 0.00029688
1692342 61.0 0.00028463 0.00027242
1692343 61.5 0.00026664 0.00025193
1692344 62.0 0.00024971 0.00024071
1692345 62.5 0.00023377 0.00021864
1692346 63.0 0.00021877 0.00020684
1692347 63.5 0.00020467 0.00019519
1692348 64.0 0.0001914 0.00018153
1692349 64.5 0.00017893 0.00016786
1692350 65.0 0.00016721 0.00015888
1692351 65.5 0.0001562 0.00014959
1692352 66.0 0.00014585 0.00013821
1692353 66.5 0.00013614 0.00013076
1692354 67.0 0.00012702 0.00012467
1692355 67.5 0.00011847 0.00011548
1692356 68.0 0.00011044 0.00011064
1692357 68.5 0.00010291 9.9775e-05
1692358 69.0 9.586e-05 9.4057e-05
1692359 69.5 8.9252e-05 8.7442e-05
1692360 70.0 8.3063e-05 8.0604e-05
1692361 70.5 7.7163e-05 7.475e-05
1692362 71.0 7.1662e-05 6.9776e-05
1692363 71.5 6.6533e-05 6.5626e-05
1692364 72.0 6.1754e-05 6.0149e-05
1692365 72.5 5.73e-05 5.455e-05
1692366 73.0 5.3152e-05 5.0608e-05
1692367 73.5 4.929e-05 4.6201e-05
1692368 74.0 4.5694e-05 4.3378e-05
1692369 74.5 4.2348e-05 4.0151e-05
1692370 75.0 3.9234e-05 3.7051e-05
1692371 75.5 3.6322e-05 3.4863e-05
1692372 76.0 3.362e-05 3.1735e-05
1692373 76.5 3.1114e-05 3.0264e-05
1692374 77.0 2.879e-05 2.754e-05
1692375 77.5 2.6635e-05 2.5469e-05
1692376 78.0 2.4638e-05 2.3451e-05
1692377 78.5 2.2786e-05 2.2233e-05
1692378 79.0 2.107e-05 2.0334e-05
1692379 79.5 1.948e-05 1.8295e-05
1692380 80.0 1.8007e-05 1.6869e-05
1692381 80.5 1.6666e-05 1.5477e-05
1692382 81.0 1.5421e-05 1.4765e-05
1692383 81.5 1.4266e-05 1.3905e-05
1692384 82.0 1.3195e-05 1.2943e-05
1692385 82.5 1.2201e-05 1.1909e-05
1692386 83.0 1.1279e-05 1.0966e-05
1692387 83.5 1.0424e-05 9.7365e-06
1692388 84.0 9.6315e-06 8.8576e-06
1692389 84.5 8.8972e-06 8.1635e-06
1692390 85.0 8.2168e-06 7.2359e-06
1692391 85.5 7.5691e-06 6.7094e-06
1692392 86.0 6.9703e-06 6.0768e-06
1692393 86.5 6.4168e-06 5.5811e-06
1692394 87.0 5.9053e-06 5.0061e-06
1692395 87.5 5.4329e-06 4.6163e-06
1692396 88.0 4.9967e-06 4.3119e-06
1692397 88.5 4.5939e-06 3.8512e-06
1692398 89.0 4.2223e-06 3.5843e-06
1692399 89.5 3.8794e-06 3.3161e-06
1692400 90.0 3.5632e-06 3.1678e-06
1692401 90.5 3.2661e-06 2.8635e-06
1692402 91.0 2.9921e-06 2.5052e-06
1692403 91.5 2.7394e-06 2.2442e-06
1692404 92.0 2.5064e-06 1.9723e-06
1692405 92.5 2.2918e-06 1.807e-06
1692406 93.0 2.0942e-06 1.6592e-06
1692407 93.5 1.9124e-06 1.5094e-06
1692408 94.0 1.7451e-06 1.5233e-06
1692409 94.5 1.5915e-06 1.4296e-06
1692410 95.0 1.4504e-06 1.2146e-06
1692411 95.5 1.3156e-06 1.0961e-06
1692412 96.0 1.1938e-06 1.0297e-06
1692413 96.5 1.0837e-06 9.4825e-07
1692414 97.0 9.8411e-07 8.6696e-07
1692415 97.5 8.94e-07 7.7741e-07
1692416 98.0 8.1243e-07 7.4198e-07
1692417 98.5 7.3857e-07 6.1537e-07
1692418 99.0 6.7167e-07 5.7442e-07
1692419 99.5 6.1105e-07 5.2288e-07
1692420 100.0 5.5611e-07 4.8066e-07
1692421 100.5 5.0368e-07 4.6534e-07
1692422 101.0 4.5678e-07 3.7518e-07
1692423 101.5 4.1476e-07 3.3104e-07
1692424 102.0 3.7705e-07 3.4092e-07
1692425 102.5 3.4316e-07 3.0045e-07
1692426 103.0 3.1267e-07 2.7965e-07
1692427 103.5 2.852e-07 2.2089e-07
1692428 104.0 2.6042e-07 1.882e-07
1692429 104.5 2.3804e-07 1.737e-07
1692430 105.0 2.1782e-07 1.6818e-07
1692431 105.5 1.9878e-07 1.5446e-07
1692432 106.0 1.8174e-07 1.4365e-07
1692433 106.5 1.6645e-07 1.291e-07
1692434 107.0 1.5269e-07 1.2083e-07
1692435 107.5 1.4029e-07 1.1518e-07
1692436 108.0 1.2908e-07 1.019e-07
1692437 108.5 1.1894e-07 1.0021e-07
1692438 109.0 1.0974e-07 9.5833e-08
1692439 109.5 1.0139e-07 8.5803e-08
1692440 110.0 9.3782e-08 7.8773e-08
1692441 110.5 8.6689e-08 6.767e-08
1692442 111.0 8.027e-08 6.6823e-08
1692443 111.5 7.4446e-08 6.4009e-08
1692444 112.0 6.9146e-08 5.8698e-08
1692445 112.5 6.4312e-08 5.6933e-08
1692446 113.0 5.9892e-08 5.2368e-08
1692447 113.5 5.5844e-08 4.4168e-08
1692448 114.0 5.2129e-08 4.4133e-08
1692449 114.5 4.8712e-08 4.2369e-08
1692450 115.0 4.5565e-08 3.919e-08
1692451 115.5 4.2658e-08 3.7737e-08
1692452 116.0 3.9975e-08 3.609e-08
1692453 116.5 3.7495e-08 3.4525e-08
1692454 117.0 3.5199e-08 3.2125e-08
1692455 117.5 3.307e-08 3.019e-08
1692456 118.0 3.1094e-08 2.9547e-08
1692457 118.5 2.9258e-08 2.8934e-08
1692458 119.0 2.755e-08 2.7714e-08
1692459 119.5 2.5959e-08 2.6798e-08
1692460 120.0 2.4476e-08 2.5798e-08
1692461 120.5 2.3096e-08 2.4694e-08
1692462 121.0 2.1815e-08 2.2752e-08
1692463 121.5 2.0624e-08 2.1885e-08
1692464 122.0 1.9516e-08 2.107e-08
1692465 122.5 1.8484e-08 1.9048e-08
1692466 123.0 1.7523e-08 1.7741e-08
1692467 123.5 1.6627e-08 1.6829e-08
1692468 124.0 1.579e-08 1.6109e-08
1692469 124.5 1.5009e-08 1.5342e-08
1692470 125.0 1.4278e-08 1.4707e-08
1692471 125.5 1.3595e-08 1.3861e-08
1692472 126.0 1.2955e-08 1.2649e-08
1692473 126.5 1.2355e-08 1.2075e-08
1692474 127.0 1.1792e-08 1.1229e-08
1692475 127.5 1.1263e-08 1.0683e-08
1692476 128.0 1.0766e-08 1.0332e-08
1692477 128.5 1.0298e-08 9.8257e-09
1692478 129.0 9.8578e-09 9.7334e-09
1692479 129.5 9.4426e-09 9.3482e-09
1692480 130.0 9.0509e-09 8.9879e-09
1692481 130.5 8.681e-09 8.8878e-09
1692482 131.0 8.3315e-09 8.4822e-09
1692483 131.5 8.001e-09 8.0425e-09
1692484 132.0 7.6883e-09 7.6532e-09
1692485 132.5 7.392e-09 7.2047e-09
1692486 133.0 7.1112e-09 6.921e-09
1692487 133.5 6.8449e-09 7.0702e-09
1692488 134.0 6.5921e-09 6.6477e-09
1692489 134.5 6.3521e-09 6.3752e-09
1692490 135.0 6.1239e-09 6.0059e-09
1692491 135.5 5.9069e-09 5.6916e-09
1692492 136.0 5.7004e-09 5.3243e-09
1692493 136.5 5.5037e-09 5.0902e-09
1692494 137.0 5.3163e-09 4.851e-09
1692495 137.5 5.1377e-09 4.6618e-09
1692496 138.0 4.9673e-09 4.66e-09
1692497 138.5 4.8046e-09 4.6344e-09
1692498 139.0 4.6493e-09 4.3094e-09
1692499 139.5 4.5009e-09 3.993e-09
1692500 140.0 4.3589e-09 3.9778e-09
1692501 140.5 4.2232e-09 3.7839e-09
1692502 141.0 4.0932e-09 3.6858e-09
1692503 141.5 3.9688e-09 3.6668e-09
1692504 142.0 3.8496e-09 3.5564e-09
1692505 142.5 3.7353e-09 3.612e-09
1692506 143.0 3.6258e-09 3.4715e-09
1692507 143.5 3.5206e-09 3.3952e-09
1692508 144.0 3.4197e-09 3.3429e-09
1692509 144.5 3.3228e-09 3.291e-09
1692510 145.0 3.2297e-09 3.1969e-09
1692511 145.5 3.1402e-09 3.0481e-09
1692512 146.0 3.0542e-09 2.9242e-09
1692513 146.5 2.9714e-09 2.8181e-09
1692514 147.0 2.8918e-09 2.7774e-09
1692515 147.5 2.8151e-09 2.6625e-09
1692516 148.0 2.7412e-09 2.6211e-09
1692517 148.5 2.67e-09 2.5241e-09
1692518 149.0 2.6014e-09 2.448e-09
1692519 149.5 2.5352e-09 2.3695e-09
1692520 150.0 2.4714e-09 2.3397e-09
1692521 150.5 2.4098e-09 2.3375e-09
1692522 151.0 2.3504e-09 2.2862e-09
1692523 151.5 2.293e-09 2.2136e-09
1692524 152.0 2.2375e-09 2.1349e-09
1692525 152.5 2.1839e-09 2.0905e-09
1692526 153.0 2.1321e-09 2.0754e-09
1692527 153.5 2.082e-09 2.0389e-09
1692528 154.0 2.0335e-09 1.9295e-09
1692529 154.5 1.9866e-09 1.8519e-09
1692530 155.0 1.9413e-09 1.854e-09
1692531 155.5 1.8973e-09 1.8157e-09
1692532 156.0 1.8547e-09 1.7825e-09
1692533 156.5 1.8135e-09 1.7638e-09
1692534 157.0 1.7735e-09 1.6812e-09
1692535 157.5 1.7348e-09 1.6244e-09
1692536 158.0 1.6972e-09 1.575e-09
1692537 158.5 1.6608e-09 1.5371e-09
1692538 159.0 1.6255e-09 1.5233e-09
1692539 159.5 1.5911e-09 1.4975e-09
1692540 160.0 1.5578e-09 1.4617e-09
1692541 160.5 1.5255e-09 1.4542e-09
1692542 161.0 1.4941e-09 1.4033e-09
1692543 161.5 1.4636e-09 1.4e-09
1692544 162.0 1.434e-09 1.4005e-09
1692545 162.5 1.4051e-09 1.379e-09
1692546 163.0 1.3771e-09 1.3534e-09
1692547 163.5 1.3499e-09 1.3078e-09
1692548 164.0 1.3234e-09 1.2921e-09
1692549 164.5 1.2976e-09 1.207e-09
1692550 165.0 1.2725e-09 1.1785e-09
1692551 165.5 1.2481e-09 1.1316e-09
1692552 166.0 1.2243e-09 1.1312e-09
1692553 166.5 1.2012e-09 1.1053e-09
1692554 167.0 1.1786e-09 1.0768e-09
1692555 167.5 1.1567e-09 1.0684e-09
1692556 168.0 1.1353e-09 1.0755e-09
1692557 168.5 1.1144e-09 1.0398e-09
1692558 169.0 1.0941e-09 1.0279e-09
1692559 169.5 1.0743e-09 9.9484e-10
1692560 170.0 1.055e-09 9.6075e-10
1692561 170.5 1.0361e-09 9.7476e-10
1692562 171.0 1.0177e-09 9.5699e-10
1692563 171.5 9.9978e-10 9.5519e-10
1692564 172.0 9.8227e-10 9.2716e-10
1692565 172.5 9.6518e-10 8.9798e-10
1692566 173.0 9.485e-10 8.7879e-10
1692567 173.5 9.3221e-10 8.6338e-10
1692568 174.0 9.163e-10 8.604e-10
1692569 174.5 9.0076e-10 8.4019e-10
1692570 175.0 8.8558e-10 8.1388e-10
1692571 175.5 8.7075e-10 8.0561e-10
1692572 176.0 8.5626e-10 8.1198e-10
1692573 176.5 8.4209e-10 8.1823e-10
1692574 177.0 8.2824e-10 8.0348e-10
1692575 177.5 8.1471e-10 7.6414e-10
1692576 178.0 8.0147e-10 7.5414e-10
1692577 178.5 7.8852e-10 7.4794e-10
1692578 179.0 7.7586e-10 7.2349e-10
1692579 179.5 7.6347e-10 7.1328e-10
1692580 180.0 7.5134e-10 7.0717e-10
1692581 180.5 7.3948e-10 6.8504e-10
1692582 181.0 7.2787e-10 6.6757e-10
1692583 181.5 7.1651e-10 6.5873e-10
1692584 182.0 7.0539e-10 6.5177e-10
1692585 182.5 6.945e-10 6.3409e-10
1692586 183.0 6.8383e-10 6.5168e-10
1692587 183.5 6.7339e-10 6.381e-10
1692588 184.0 6.6315e-10 6.1568e-10
1692589 184.5 6.5313e-10 6.203e-10
1692590 185.0 6.4331e-10 6.0228e-10
1692591 185.5 6.3369e-10 5.8345e-10
1692592 186.0 6.2426e-10 5.7237e-10
1692593 186.5 6.1502e-10 5.6046e-10
1692594 187.0 6.0596e-10 5.6591e-10
1692595 187.5 5.9708e-10 5.5638e-10
1692596 188.0 5.8838e-10 5.4936e-10
1692597 188.5 5.7984e-10 5.377e-10
1692598 189.0 5.7147e-10 5.3347e-10
1692599 189.5 5.6326e-10 5.3392e-10
1692600 190.0 5.5521e-10 5.1867e-10
1692601 190.5 5.473e-10 5.0954e-10
1692602 191.0 5.3955e-10 4.9619e-10
1692603 191.5 5.3195e-10 4.8975e-10
1692604 192.0 5.2448e-10 4.9538e-10
1692605 192.5 5.1716e-10 4.7858e-10
1692606 193.0 5.0997e-10 4.7528e-10
1692607 193.5 5.0292e-10 4.5445e-10
1692608 194.0 4.9599e-10 4.5001e-10
1692609 194.5 4.8919e-10 4.3769e-10
1692610 195.0 4.8251e-10 4.2263e-10
1692611 195.5 4.7595e-10 4.1498e-10
1692612 196.0 4.6951e-10 4.092e-10
1692613 196.5 4.6319e-10 4.0378e-10
1692614 197.0 4.5697e-10 3.9246e-10
1692615 197.5 4.5087e-10 3.9508e-10
1692616 198.0 4.4487e-10 3.8513e-10
1692617 198.5 4.3898e-10 3.7797e-10
1692618 199.0 4.3319e-10 3.7381e-10
1692619 199.5 4.275e-10 3.804e-10
1692620 200.0 4.2191e-10 3.8311e-10
