 Hgtkm DensMean DensPert
1709463 0.0 1.1656 1.174
1709464 0.5 1.1117 1.1254
1709465 1.0 1.06 1.0662
1709466 1.5 1.0101 1.0121
1709467 2.0 0.96405 0.98056
1709468 2.5 0.91875 0.92253
1709469 3.0 0.87485 0.87869
1709470 3.5 0.83389 0.83457
1709471 4.0 0.79521 0.79133
1709472 4.5 0.75791 0.75538
1709473 5.0 0.72062 0.71989
1709474 5.5 0.68516 0.68627
1709475 6.0 0.65099 0.65245
1709476 6.5 0.61753 0.61938
1709477 7.0 0.5858 0.58853
1709478 7.5 0.5557 0.55756
1709479 8.0 0.52637 0.52814
1709480 8.5 0.49854 0.49951
1709481 9.0 0.47219 0.47173
1709482 9.5 0.44723 0.44786
1709483 10.0 0.42223 0.42227
1709484 10.5 0.39833 0.3956
1709485 11.0 0.37498 0.37319
1709486 11.5 0.35148 0.34953
1709487 12.0 0.32946 0.32949
1709488 12.5 0.30821 0.30698
1709489 13.0 0.2875 0.28761
1709490 13.5 0.26819 0.26678
1709491 14.0 0.25018 0.24957
1709492 14.5 0.23224 0.23263
1709493 15.0 0.21522 0.21225
1709494 15.5 0.19945 0.19661
1709495 16.0 0.18484 0.18155
1709496 16.5 0.1713 0.16877
1709497 17.0 0.15766 0.15541
1709498 17.5 0.14477 0.14417
1709499 18.0 0.13294 0.13204
1709500 18.5 0.12208 0.12163
1709501 19.0 0.11216 0.11178
1709502 19.5 0.10313 0.10321
1709503 20.0 0.09483 0.095001
1709504 20.5 0.087198 0.08705
1709505 21.0 0.080207 0.080353
1709506 21.5 0.073926 0.074309
1709507 22.0 0.068138 0.068053
1709508 22.5 0.062804 0.06267
1709509 23.0 0.057888 0.057574
1709510 23.5 0.053357 0.053544
1709511 24.0 0.049182 0.049658
1709512 24.5 0.045387 0.04567
1709513 25.0 0.041919 0.042034
1709514 25.5 0.038717 0.038718
1709515 26.0 0.035759 0.035916
1709516 26.5 0.033028 0.033182
1709517 27.0 0.030517 0.030559
1709518 27.5 0.028214 0.028273
1709519 28.0 0.02607 0.026021
1709520 28.5 0.024079 0.024096
1709521 29.0 0.022235 0.022214
1709522 29.5 0.020534 0.020506
1709523 30.0 0.018972 0.018926
1709524 30.5 0.017528 0.017545
1709525 31.0 0.016206 0.016205
1709526 31.5 0.014997 0.014994
1709527 32.0 0.013887 0.013947
1709528 32.5 0.012864 0.012882
1709529 33.0 0.01192 0.011954
1709530 33.5 0.011049 0.011247
1709531 34.0 0.010245 0.010505
1709532 34.5 0.0095026 0.0096755
1709533 35.0 0.0088171 0.0088581
1709534 35.5 0.0081759 0.0081699
1709535 36.0 0.0075843 0.0074798
1709536 36.5 0.0070383 0.0069983
1709537 37.0 0.0065342 0.0065614
1709538 37.5 0.0060686 0.0060703
1709539 38.0 0.0056384 0.0056019
1709540 38.5 0.0052406 0.0052212
1709541 39.0 0.0048728 0.0048739
1709542 39.5 0.0045324 0.0045069
1709543 40.0 0.0042174 0.0041859
1709544 40.5 0.0039312 0.0039452
1709545 41.0 0.0036655 0.0036875
1709546 41.5 0.0034187 0.0034082
1709547 42.0 0.0031894 0.0032093
1709548 42.5 0.0029763 0.0029468
1709549 43.0 0.0027781 0.0027445
1709550 43.5 0.0025939 0.0025464
1709551 44.0 0.0024226 0.0024022
1709552 44.5 0.0022632 0.0022159
1709553 45.0 0.0021148 0.0021066
1709554 45.5 0.001983 0.0019896
1709555 46.0 0.0018594 0.0018993
1709556 46.5 0.0017437 0.0018046
1709557 47.0 0.0016352 0.001655
1709558 47.5 0.0015336 0.0015321
1709559 48.0 0.0014384 0.0014443
1709560 48.5 0.0013491 0.0013797
1709561 49.0 0.0012654 0.0013013
1709562 49.5 0.001187 0.0011992
1709563 50.0 0.0011135 0.0011277
1709564 50.5 0.0010487 0.0010731
1709565 51.0 0.00098743 0.00096522
1709566 51.5 0.00092954 0.00092138
1709567 52.0 0.00087485 0.00085743
1709568 52.5 0.00082321 0.00080112
1709569 53.0 0.00077443 0.00077362
1709570 53.5 0.00072839 0.00073114
1709571 54.0 0.00068493 0.00066952
1709572 54.5 0.00064391 0.0006206
1709573 55.0 0.00060522 0.00058681
1709574 55.5 0.00056946 0.00054972
1709575 56.0 0.00053563 0.00051057
1709576 56.5 0.00050363 0.00048302
1709577 57.0 0.00047338 0.00045221
1709578 57.5 0.0004448 0.00041914
1709579 58.0 0.00041778 0.0003951
1709580 58.5 0.00039227 0.00036816
1709581 59.0 0.00036818 0.00034791
1709582 59.5 0.00034544 0.00032697
1709583 60.0 0.00032399 0.00031049
1709584 60.5 0.00030372 0.00029429
1709585 61.0 0.00028463 0.000276
1709586 61.5 0.00026664 0.00025751
1709587 62.0 0.00024971 0.00024052
1709588 62.5 0.00023377 0.00023063
1709589 63.0 0.00021877 0.00021605
1709590 63.5 0.00020467 0.00020252
1709591 64.0 0.0001914 0.00018588
1709592 64.5 0.00017893 0.00017177
1709593 65.0 0.00016721 0.00015913
1709594 65.5 0.0001562 0.00014725
1709595 66.0 0.00014585 0.00014065
1709596 66.5 0.00013614 0.00013422
1709597 67.0 0.00012702 0.00012345
1709598 67.5 0.00011847 0.00011396
1709599 68.0 0.00011044 0.0001049
1709600 68.5 0.00010291 9.8782e-05
1709601 69.0 9.586e-05 9.1974e-05
1709602 69.5 8.9252e-05 8.4276e-05
1709603 70.0 8.3063e-05 7.7308e-05
1709604 70.5 7.7163e-05 7.0849e-05
1709605 71.0 7.1662e-05 6.706e-05
1709606 71.5 6.6533e-05 6.2551e-05
1709607 72.0 6.1754e-05 5.8168e-05
1709608 72.5 5.73e-05 5.4459e-05
1709609 73.0 5.3152e-05 4.9807e-05
1709610 73.5 4.929e-05 4.6423e-05
1709611 74.0 4.5694e-05 4.3116e-05
1709612 74.5 4.2348e-05 3.907e-05
1709613 75.0 3.9234e-05 3.5863e-05
1709614 75.5 3.6322e-05 3.2528e-05
1709615 76.0 3.362e-05 3.0765e-05
1709616 76.5 3.1114e-05 2.7494e-05
1709617 77.0 2.879e-05 2.5931e-05
1709618 77.5 2.6635e-05 2.4948e-05
1709619 78.0 2.4638e-05 2.3701e-05
1709620 78.5 2.2786e-05 2.2137e-05
1709621 79.0 2.107e-05 2.1025e-05
1709622 79.5 1.948e-05 1.9153e-05
1709623 80.0 1.8007e-05 1.8128e-05
1709624 80.5 1.6666e-05 1.6631e-05
1709625 81.0 1.5421e-05 1.5113e-05
1709626 81.5 1.4266e-05 1.4422e-05
1709627 82.0 1.3195e-05 1.3155e-05
1709628 82.5 1.2201e-05 1.1594e-05
1709629 83.0 1.1279e-05 1.0696e-05
1709630 83.5 1.0424e-05 9.7071e-06
1709631 84.0 9.6315e-06 8.9296e-06
1709632 84.5 8.8972e-06 8.4613e-06
1709633 85.0 8.2168e-06 7.7538e-06
1709634 85.5 7.5691e-06 6.9274e-06
1709635 86.0 6.9703e-06 6.3975e-06
1709636 86.5 6.4168e-06 5.939e-06
1709637 87.0 5.9053e-06 5.428e-06
1709638 87.5 5.4329e-06 5.0458e-06
1709639 88.0 4.9967e-06 4.8385e-06
1709640 88.5 4.5939e-06 4.4557e-06
1709641 89.0 4.2223e-06 3.8948e-06
1709642 89.5 3.8794e-06 3.6157e-06
1709643 90.0 3.5632e-06 3.2214e-06
1709644 90.5 3.2661e-06 2.868e-06
1709645 91.0 2.9921e-06 2.7435e-06
1709646 91.5 2.7394e-06 2.5622e-06
1709647 92.0 2.5064e-06 2.3377e-06
1709648 92.5 2.2918e-06 2.2493e-06
1709649 93.0 2.0942e-06 2.0402e-06
1709650 93.5 1.9124e-06 1.7594e-06
1709651 94.0 1.7451e-06 1.756e-06
1709652 94.5 1.5915e-06 1.5725e-06
1709653 95.0 1.4504e-06 1.4224e-06
1709654 95.5 1.3156e-06 1.3192e-06
1709655 96.0 1.1938e-06 1.1764e-06
1709656 96.5 1.0837e-06 1.0722e-06
1709657 97.0 9.8411e-07 9.6286e-07
1709658 97.5 8.94e-07 8.6936e-07
1709659 98.0 8.1243e-07 7.365e-07
1709660 98.5 7.3857e-07 7.1221e-07
1709661 99.0 6.7167e-07 6.2947e-07
1709662 99.5 6.1105e-07 5.9475e-07
1709663 100.0 5.5611e-07 5.4246e-07
1709664 100.5 5.0368e-07 4.9186e-07
1709665 101.0 4.5678e-07 4.6567e-07
1709666 101.5 4.1476e-07 4.1323e-07
1709667 102.0 3.7705e-07 3.57e-07
1709668 102.5 3.4316e-07 3.3142e-07
1709669 103.0 3.1267e-07 3.1307e-07
1709670 103.5 2.852e-07 2.9211e-07
1709671 104.0 2.6042e-07 2.8056e-07
1709672 104.5 2.3804e-07 2.5133e-07
1709673 105.0 2.1782e-07 2.2889e-07
1709674 105.5 1.9878e-07 2.1202e-07
1709675 106.0 1.8174e-07 1.9325e-07
1709676 106.5 1.6645e-07 1.6327e-07
1709677 107.0 1.5269e-07 1.4098e-07
1709678 107.5 1.4029e-07 1.2852e-07
1709679 108.0 1.2908e-07 1.1297e-07
1709680 108.5 1.1894e-07 1.0772e-07
1709681 109.0 1.0974e-07 1.002e-07
1709682 109.5 1.0139e-07 9.8523e-08
1709683 110.0 9.3782e-08 8.9799e-08
1709684 110.5 8.6689e-08 8.1971e-08
1709685 111.0 8.027e-08 7.8395e-08
1709686 111.5 7.4446e-08 7.5077e-08
1709687 112.0 6.9146e-08 7.3558e-08
1709688 112.5 6.4312e-08 7.1416e-08
1709689 113.0 5.9892e-08 6.7672e-08
1709690 113.5 5.5844e-08 6.0268e-08
1709691 114.0 5.2129e-08 5.6679e-08
1709692 114.5 4.8712e-08 5.2723e-08
1709693 115.0 4.5565e-08 4.8082e-08
1709694 115.5 4.2658e-08 4.2381e-08
1709695 116.0 3.9975e-08 4.0378e-08
1709696 116.5 3.7495e-08 3.5957e-08
1709697 117.0 3.5199e-08 3.4222e-08
1709698 117.5 3.307e-08 3.1175e-08
1709699 118.0 3.1094e-08 2.8437e-08
1709700 118.5 2.9258e-08 2.6173e-08
1709701 119.0 2.755e-08 2.4585e-08
1709702 119.5 2.5959e-08 2.3074e-08
1709703 120.0 2.4476e-08 2.1999e-08
1709704 120.5 2.3096e-08 2.0592e-08
1709705 121.0 2.1815e-08 1.9019e-08
1709706 121.5 2.0624e-08 1.7837e-08
1709707 122.0 1.9516e-08 1.7283e-08
1709708 122.5 1.8484e-08 1.6792e-08
1709709 123.0 1.7523e-08 1.5776e-08
1709710 123.5 1.6627e-08 1.5526e-08
1709711 124.0 1.579e-08 1.4978e-08
1709712 124.5 1.5009e-08 1.47e-08
1709713 125.0 1.4278e-08 1.3944e-08
1709714 125.5 1.3595e-08 1.3179e-08
1709715 126.0 1.2955e-08 1.2672e-08
1709716 126.5 1.2355e-08 1.1857e-08
1709717 127.0 1.1792e-08 1.1548e-08
1709718 127.5 1.1263e-08 1.0854e-08
1709719 128.0 1.0766e-08 1.0116e-08
1709720 128.5 1.0298e-08 9.5964e-09
1709721 129.0 9.8578e-09 9.152e-09
1709722 129.5 9.4426e-09 9.0199e-09
1709723 130.0 9.0509e-09 8.4743e-09
1709724 130.5 8.681e-09 7.9392e-09
1709725 131.0 8.3315e-09 7.7689e-09
1709726 131.5 8.001e-09 7.4414e-09
1709727 132.0 7.6883e-09 7.1568e-09
1709728 132.5 7.392e-09 6.8497e-09
1709729 133.0 7.1112e-09 6.6526e-09
1709730 133.5 6.8449e-09 6.2896e-09
1709731 134.0 6.5921e-09 5.9537e-09
1709732 134.5 6.3521e-09 5.8841e-09
1709733 135.0 6.1239e-09 5.6473e-09
1709734 135.5 5.9069e-09 5.6467e-09
1709735 136.0 5.7004e-09 5.3763e-09
1709736 136.5 5.5037e-09 5.2247e-09
1709737 137.0 5.3163e-09 5.1231e-09
1709738 137.5 5.1377e-09 4.8392e-09
1709739 138.0 4.9673e-09 4.6669e-09
1709740 138.5 4.8046e-09 4.6393e-09
1709741 139.0 4.6493e-09 4.3871e-09
1709742 139.5 4.5009e-09 4.3854e-09
1709743 140.0 4.3589e-09 4.2875e-09
1709744 140.5 4.2232e-09 4.1776e-09
1709745 141.0 4.0932e-09 4.2107e-09
1709746 141.5 3.9688e-09 4.0525e-09
1709747 142.0 3.8496e-09 3.9227e-09
1709748 142.5 3.7353e-09 3.7052e-09
1709749 143.0 3.6258e-09 3.6366e-09
1709750 143.5 3.5206e-09 3.4075e-09
1709751 144.0 3.4197e-09 3.3858e-09
1709752 144.5 3.3228e-09 3.3483e-09
1709753 145.0 3.2297e-09 3.3024e-09
1709754 145.5 3.1402e-09 3.1789e-09
1709755 146.0 3.0542e-09 3.1008e-09
1709756 146.5 2.9714e-09 3.0062e-09
1709757 147.0 2.8918e-09 2.8469e-09
1709758 147.5 2.8151e-09 2.8029e-09
1709759 148.0 2.7412e-09 2.7221e-09
1709760 148.5 2.67e-09 2.6768e-09
1709761 149.0 2.6014e-09 2.5982e-09
1709762 149.5 2.5352e-09 2.4863e-09
1709763 150.0 2.4714e-09 2.4073e-09
1709764 150.5 2.4098e-09 2.3359e-09
1709765 151.0 2.3504e-09 2.2692e-09
1709766 151.5 2.293e-09 2.2144e-09
1709767 152.0 2.2375e-09 2.1729e-09
1709768 152.5 2.1839e-09 2.1591e-09
1709769 153.0 2.1321e-09 2.0359e-09
1709770 153.5 2.082e-09 1.9484e-09
1709771 154.0 2.0335e-09 1.9022e-09
1709772 154.5 1.9866e-09 1.8089e-09
1709773 155.0 1.9413e-09 1.7881e-09
1709774 155.5 1.8973e-09 1.7573e-09
1709775 156.0 1.8547e-09 1.744e-09
1709776 156.5 1.8135e-09 1.8196e-09
1709777 157.0 1.7735e-09 1.7753e-09
1709778 157.5 1.7348e-09 1.7165e-09
1709779 158.0 1.6972e-09 1.6725e-09
1709780 158.5 1.6608e-09 1.7029e-09
1709781 159.0 1.6255e-09 1.7102e-09
1709782 159.5 1.5911e-09 1.6747e-09
1709783 160.0 1.5578e-09 1.6308e-09
1709784 160.5 1.5255e-09 1.583e-09
1709785 161.0 1.4941e-09 1.5183e-09
1709786 161.5 1.4636e-09 1.4541e-09
1709787 162.0 1.434e-09 1.4205e-09
1709788 162.5 1.4051e-09 1.3551e-09
1709789 163.0 1.3771e-09 1.3387e-09
1709790 163.5 1.3499e-09 1.3058e-09
1709791 164.0 1.3234e-09 1.2887e-09
1709792 164.5 1.2976e-09 1.2621e-09
1709793 165.0 1.2725e-09 1.2592e-09
1709794 165.5 1.2481e-09 1.2108e-09
1709795 166.0 1.2243e-09 1.1943e-09
1709796 166.5 1.2012e-09 1.2065e-09
1709797 167.0 1.1786e-09 1.2042e-09
1709798 167.5 1.1567e-09 1.1816e-09
1709799 168.0 1.1353e-09 1.1584e-09
1709800 168.5 1.1144e-09 1.1475e-09
1709801 169.0 1.0941e-09 1.0925e-09
1709802 169.5 1.0743e-09 1.0772e-09
1709803 170.0 1.055e-09 1.0769e-09
1709804 170.5 1.0361e-09 1.0293e-09
1709805 171.0 1.0177e-09 1.0333e-09
1709806 171.5 9.9978e-10 1.0206e-09
1709807 172.0 9.8227e-10 9.734e-10
1709808 172.5 9.6518e-10 9.3956e-10
1709809 173.0 9.485e-10 9.2024e-10
1709810 173.5 9.3221e-10 8.9149e-10
1709811 174.0 9.163e-10 8.9836e-10
1709812 174.5 9.0076e-10 9.0966e-10
1709813 175.0 8.8558e-10 9.2829e-10
1709814 175.5 8.7075e-10 8.9981e-10
1709815 176.0 8.5626e-10 9.0299e-10
1709816 176.5 8.4209e-10 8.827e-10
1709817 177.0 8.2824e-10 8.4228e-10
1709818 177.5 8.1471e-10 8.2899e-10
1709819 178.0 8.0147e-10 8.0527e-10
1709820 178.5 7.8852e-10 7.8576e-10
1709821 179.0 7.7586e-10 7.7322e-10
1709822 179.5 7.6347e-10 7.6221e-10
1709823 180.0 7.5134e-10 7.2863e-10
1709824 180.5 7.3948e-10 7.1045e-10
1709825 181.0 7.2787e-10 7.0274e-10
1709826 181.5 7.1651e-10 6.9095e-10
1709827 182.0 7.0539e-10 6.9113e-10
1709828 182.5 6.945e-10 6.7281e-10
1709829 183.0 6.8383e-10 6.5916e-10
1709830 183.5 6.7339e-10 6.521e-10
1709831 184.0 6.6315e-10 6.4336e-10
1709832 184.5 6.5313e-10 6.4728e-10
1709833 185.0 6.4331e-10 6.307e-10
1709834 185.5 6.3369e-10 6.2519e-10
1709835 186.0 6.2426e-10 6.1111e-10
1709836 186.5 6.1502e-10 6.1814e-10
1709837 187.0 6.0596e-10 6.0924e-10
1709838 187.5 5.9708e-10 5.9489e-10
1709839 188.0 5.8838e-10 5.9533e-10
1709840 188.5 5.7984e-10 5.9848e-10
1709841 189.0 5.7147e-10 5.8728e-10
1709842 189.5 5.6326e-10 5.7874e-10
1709843 190.0 5.5521e-10 5.6248e-10
1709844 190.5 5.473e-10 5.6453e-10
1709845 191.0 5.3955e-10 5.399e-10
1709846 191.5 5.3195e-10 5.2407e-10
1709847 192.0 5.2448e-10 5.1088e-10
1709848 192.5 5.1716e-10 5.0684e-10
1709849 193.0 5.0997e-10 4.915e-10
1709850 193.5 5.0292e-10 4.8918e-10
1709851 194.0 4.9599e-10 4.8986e-10
1709852 194.5 4.8919e-10 4.9926e-10
1709853 195.0 4.8251e-10 4.9501e-10
1709854 195.5 4.7595e-10 4.7329e-10
1709855 196.0 4.6951e-10 4.6869e-10
1709856 196.5 4.6319e-10 4.5902e-10
1709857 197.0 4.5697e-10 4.5244e-10
1709858 197.5 4.5087e-10 4.4094e-10
1709859 198.0 4.4487e-10 4.3166e-10
1709860 198.5 4.3898e-10 4.2354e-10
1709861 199.0 4.3319e-10 4.2099e-10
1709862 199.5 4.275e-10 4.1875e-10
1709863 200.0 4.2191e-10 4.1353e-10
