 Hgtkm DensMean DensPert
1895928 0.0 1.1656 1.1176
1895929 0.5 1.1117 1.0473
1895930 1.0 1.06 1.0267
1895931 1.5 1.0101 0.96594
1895932 2.0 0.96405 0.91212
1895933 2.5 0.91875 0.89825
1895934 3.0 0.87485 0.85526
1895935 3.5 0.83389 0.83024
1895936 4.0 0.79521 0.7919
1895937 4.5 0.75791 0.76863
1895938 5.0 0.72062 0.7291
1895939 5.5 0.68516 0.6976
1895940 6.0 0.65099 0.66275
1895941 6.5 0.61753 0.6309
1895942 7.0 0.5858 0.59798
1895943 7.5 0.5557 0.56473
1895944 8.0 0.52637 0.5325
1895945 8.5 0.49854 0.50789
1895946 9.0 0.47219 0.4817
1895947 9.5 0.44723 0.45635
1895948 10.0 0.42223 0.43207
1895949 10.5 0.39833 0.40892
1895950 11.0 0.37498 0.38452
1895951 11.5 0.35148 0.36043
1895952 12.0 0.32946 0.33875
1895953 12.5 0.30821 0.31806
1895954 13.0 0.2875 0.29664
1895955 13.5 0.26819 0.27625
1895956 14.0 0.25018 0.25693
1895957 14.5 0.23224 0.23795
1895958 15.0 0.21522 0.22148
1895959 15.5 0.19945 0.20541
1895960 16.0 0.18484 0.18933
1895961 16.5 0.1713 0.17293
1895962 17.0 0.15766 0.16003
1895963 17.5 0.14477 0.14677
1895964 18.0 0.13294 0.13413
1895965 18.5 0.12208 0.12254
1895966 19.0 0.11216 0.11154
1895967 19.5 0.10313 0.10247
1895968 20.0 0.09483 0.095233
1895969 20.5 0.087198 0.087186
1895970 21.0 0.080207 0.079522
1895971 21.5 0.073926 0.073266
1895972 22.0 0.068138 0.06773
1895973 22.5 0.062804 0.062422
1895974 23.0 0.057888 0.057834
1895975 23.5 0.053357 0.053204
1895976 24.0 0.049182 0.048867
1895977 24.5 0.045387 0.045246
1895978 25.0 0.041919 0.041706
1895979 25.5 0.038717 0.038284
1895980 26.0 0.035759 0.035521
1895981 26.5 0.033028 0.032697
1895982 27.0 0.030517 0.030257
1895983 27.5 0.028214 0.028043
1895984 28.0 0.02607 0.025769
1895985 28.5 0.024079 0.023658
1895986 29.0 0.022235 0.021867
1895987 29.5 0.020534 0.020065
1895988 30.0 0.018972 0.018542
1895989 30.5 0.017528 0.017013
1895990 31.0 0.016206 0.015691
1895991 31.5 0.014997 0.014554
1895992 32.0 0.013887 0.013393
1895993 32.5 0.012864 0.012503
1895994 33.0 0.01192 0.011577
1895995 33.5 0.011049 0.01073
1895996 34.0 0.010245 0.0098731
1895997 34.5 0.0095026 0.0090496
1895998 35.0 0.0088171 0.0085098
1895999 35.5 0.0081759 0.0078921
1896000 36.0 0.0075843 0.007191
1896001 36.5 0.0070383 0.0066543
1896002 37.0 0.0065342 0.0061281
1896003 37.5 0.0060686 0.0056836
1896004 38.0 0.0056384 0.0053387
1896005 38.5 0.0052406 0.0049732
1896006 39.0 0.0048728 0.0046461
1896007 39.5 0.0045324 0.0043404
1896008 40.0 0.0042174 0.004018
1896009 40.5 0.0039312 0.0037649
1896010 41.0 0.0036655 0.0035192
1896011 41.5 0.0034187 0.0032805
1896012 42.0 0.0031894 0.0030657
1896013 42.5 0.0029763 0.0028638
1896014 43.0 0.0027781 0.0026548
1896015 43.5 0.0025939 0.0024981
1896016 44.0 0.0024226 0.0023793
1896017 44.5 0.0022632 0.002211
1896018 45.0 0.0021148 0.0020861
1896019 45.5 0.001983 0.0019866
1896020 46.0 0.0018594 0.0018963
1896021 46.5 0.0017437 0.0017716
1896022 47.0 0.0016352 0.0016691
1896023 47.5 0.0015336 0.0015535
1896024 48.0 0.0014384 0.0014811
1896025 48.5 0.0013491 0.0013986
1896026 49.0 0.0012654 0.0013218
1896027 49.5 0.001187 0.0012193
1896028 50.0 0.0011135 0.0011357
1896029 50.5 0.0010487 0.0010612
1896030 51.0 0.00098743 0.0010408
1896031 51.5 0.00092954 0.00098215
1896032 52.0 0.00087485 0.00093916
1896033 52.5 0.00082321 0.00089926
1896034 53.0 0.00077443 0.00083093
1896035 53.5 0.00072839 0.00077507
1896036 54.0 0.00068493 0.00072484
1896037 54.5 0.00064391 0.00066852
1896038 55.0 0.00060522 0.00062261
1896039 55.5 0.00056946 0.0006013
1896040 56.0 0.00053563 0.00056475
1896041 56.5 0.00050363 0.00054115
1896042 57.0 0.00047338 0.00050769
1896043 57.5 0.0004448 0.00047439
1896044 58.0 0.00041778 0.00044356
1896045 58.5 0.00039227 0.00041316
1896046 59.0 0.00036818 0.00038813
1896047 59.5 0.00034544 0.00036624
1896048 60.0 0.00032399 0.00034384
1896049 60.5 0.00030372 0.00032447
1896050 61.0 0.00028463 0.00030635
1896051 61.5 0.00026664 0.00027765
1896052 62.0 0.00024971 0.00025886
1896053 62.5 0.00023377 0.00023991
1896054 63.0 0.00021877 0.00022336
1896055 63.5 0.00020467 0.00020886
1896056 64.0 0.0001914 0.00020061
1896057 64.5 0.00017893 0.00018714
1896058 65.0 0.00016721 0.00018082
1896059 65.5 0.0001562 0.00016922
1896060 66.0 0.00014585 0.00015401
1896061 66.5 0.00013614 0.00014493
1896062 67.0 0.00012702 0.0001336
1896063 67.5 0.00011847 0.00012393
1896064 68.0 0.00011044 0.00011784
1896065 68.5 0.00010291 0.00011146
1896066 69.0 9.586e-05 0.00010257
1896067 69.5 8.9252e-05 9.5378e-05
1896068 70.0 8.3063e-05 9.0569e-05
1896069 70.5 7.7163e-05 8.3815e-05
1896070 71.0 7.1662e-05 7.7473e-05
1896071 71.5 6.6533e-05 7.1446e-05
1896072 72.0 6.1754e-05 6.7697e-05
1896073 72.5 5.73e-05 6.3782e-05
1896074 73.0 5.3152e-05 5.8844e-05
1896075 73.5 4.929e-05 5.3938e-05
1896076 74.0 4.5694e-05 4.9686e-05
1896077 74.5 4.2348e-05 4.5587e-05
1896078 75.0 3.9234e-05 4.1951e-05
1896079 75.5 3.6322e-05 3.8727e-05
1896080 76.0 3.362e-05 3.6522e-05
1896081 76.5 3.1114e-05 3.3101e-05
1896082 77.0 2.879e-05 3.0795e-05
1896083 77.5 2.6635e-05 2.8969e-05
1896084 78.0 2.4638e-05 2.6827e-05
1896085 78.5 2.2786e-05 2.4553e-05
1896086 79.0 2.107e-05 2.3151e-05
1896087 79.5 1.948e-05 2.1242e-05
1896088 80.0 1.8007e-05 2.016e-05
1896089 80.5 1.6666e-05 1.8687e-05
1896090 81.0 1.5421e-05 1.7186e-05
1896091 81.5 1.4266e-05 1.6235e-05
1896092 82.0 1.3195e-05 1.4999e-05
1896093 82.5 1.2201e-05 1.3518e-05
1896094 83.0 1.1279e-05 1.2549e-05
1896095 83.5 1.0424e-05 1.1943e-05
1896096 84.0 9.6315e-06 1.0832e-05
1896097 84.5 8.8972e-06 9.8001e-06
1896098 85.0 8.2168e-06 9.211e-06
1896099 85.5 7.5691e-06 8.5557e-06
1896100 86.0 6.9703e-06 7.8188e-06
1896101 86.5 6.4168e-06 7.3116e-06
1896102 87.0 5.9053e-06 6.8716e-06
1896103 87.5 5.4329e-06 6.5701e-06
1896104 88.0 4.9967e-06 6.0432e-06
1896105 88.5 4.5939e-06 5.574e-06
1896106 89.0 4.2223e-06 5.0761e-06
1896107 89.5 3.8794e-06 4.8198e-06
1896108 90.0 3.5632e-06 4.327e-06
1896109 90.5 3.2661e-06 3.9724e-06
1896110 91.0 2.9921e-06 3.514e-06
1896111 91.5 2.7394e-06 3.2494e-06
1896112 92.0 2.5064e-06 2.8557e-06
1896113 92.5 2.2918e-06 2.7096e-06
1896114 93.0 2.0942e-06 2.4038e-06
1896115 93.5 1.9124e-06 2.2985e-06
1896116 94.0 1.7451e-06 2.0645e-06
1896117 94.5 1.5915e-06 1.9049e-06
1896118 95.0 1.4504e-06 1.6865e-06
1896119 95.5 1.3156e-06 1.5358e-06
1896120 96.0 1.1938e-06 1.4513e-06
1896121 96.5 1.0837e-06 1.2997e-06
1896122 97.0 9.8411e-07 1.1535e-06
1896123 97.5 8.94e-07 1.0491e-06
1896124 98.0 8.1243e-07 1.0178e-06
1896125 98.5 7.3857e-07 8.9349e-07
1896126 99.0 6.7167e-07 8.079e-07
1896127 99.5 6.1105e-07 7.0835e-07
1896128 100.0 5.5611e-07 6.2423e-07
1896129 100.5 5.0368e-07 5.7531e-07
1896130 101.0 4.5678e-07 5.2906e-07
1896131 101.5 4.1476e-07 4.9442e-07
1896132 102.0 3.7705e-07 4.5547e-07
1896133 102.5 3.4316e-07 4.1657e-07
1896134 103.0 3.1267e-07 3.7251e-07
1896135 103.5 2.852e-07 3.5071e-07
1896136 104.0 2.6042e-07 3.2349e-07
1896137 104.5 2.3804e-07 2.8382e-07
1896138 105.0 2.1782e-07 2.5657e-07
1896139 105.5 1.9878e-07 2.3821e-07
1896140 106.0 1.8174e-07 2.2666e-07
1896141 106.5 1.6645e-07 1.9988e-07
1896142 107.0 1.5269e-07 1.7416e-07
1896143 107.5 1.4029e-07 1.5784e-07
1896144 108.0 1.2908e-07 1.5063e-07
1896145 108.5 1.1894e-07 1.3897e-07
1896146 109.0 1.0974e-07 1.3212e-07
1896147 109.5 1.0139e-07 1.2162e-07
1896148 110.0 9.3782e-08 1.1196e-07
1896149 110.5 8.6689e-08 1.0392e-07
1896150 111.0 8.027e-08 9.1039e-08
1896151 111.5 7.4446e-08 8.6519e-08
1896152 112.0 6.9146e-08 7.8617e-08
1896153 112.5 6.4312e-08 7.1918e-08
1896154 113.0 5.9892e-08 6.388e-08
1896155 113.5 5.5844e-08 6.0781e-08
1896156 114.0 5.2129e-08 5.3978e-08
1896157 114.5 4.8712e-08 5.0653e-08
1896158 115.0 4.5565e-08 4.9539e-08
1896159 115.5 4.2658e-08 4.5557e-08
1896160 116.0 3.9975e-08 4.1432e-08
1896161 116.5 3.7495e-08 3.8272e-08
1896162 117.0 3.5199e-08 3.5108e-08
1896163 117.5 3.307e-08 3.1946e-08
1896164 118.0 3.1094e-08 3.0414e-08
1896165 118.5 2.9258e-08 2.787e-08
1896166 119.0 2.755e-08 2.5897e-08
1896167 119.5 2.5959e-08 2.5091e-08
1896168 120.0 2.4476e-08 2.4257e-08
1896169 120.5 2.3096e-08 2.2694e-08
1896170 121.0 2.1815e-08 2.1461e-08
1896171 121.5 2.0624e-08 1.9627e-08
1896172 122.0 1.9516e-08 1.9357e-08
1896173 122.5 1.8484e-08 1.7884e-08
1896174 123.0 1.7523e-08 1.6871e-08
1896175 123.5 1.6627e-08 1.6332e-08
1896176 124.0 1.579e-08 1.5312e-08
1896177 124.5 1.5009e-08 1.4906e-08
1896178 125.0 1.4278e-08 1.4078e-08
1896179 125.5 1.3595e-08 1.373e-08
1896180 126.0 1.2955e-08 1.3672e-08
1896181 126.5 1.2355e-08 1.3523e-08
1896182 127.0 1.1792e-08 1.256e-08
1896183 127.5 1.1263e-08 1.2095e-08
1896184 128.0 1.0766e-08 1.161e-08
1896185 128.5 1.0298e-08 1.1354e-08
1896186 129.0 9.8578e-09 1.0865e-08
1896187 129.5 9.4426e-09 1.0254e-08
1896188 130.0 9.0509e-09 9.8233e-09
1896189 130.5 8.681e-09 9.3606e-09
1896190 131.0 8.3315e-09 8.8562e-09
1896191 131.5 8.001e-09 8.3684e-09
1896192 132.0 7.6883e-09 8.0721e-09
1896193 132.5 7.392e-09 7.6075e-09
1896194 133.0 7.1112e-09 7.5429e-09
1896195 133.5 6.8449e-09 7.4222e-09
1896196 134.0 6.5921e-09 7.1936e-09
1896197 134.5 6.3521e-09 6.7268e-09
1896198 135.0 6.1239e-09 6.6876e-09
1896199 135.5 5.9069e-09 6.3896e-09
1896200 136.0 5.7004e-09 6.0613e-09
1896201 136.5 5.5037e-09 5.8424e-09
1896202 137.0 5.3163e-09 5.7293e-09
1896203 137.5 5.1377e-09 5.6608e-09
1896204 138.0 4.9673e-09 5.5741e-09
1896205 138.5 4.8046e-09 5.3939e-09
1896206 139.0 4.6493e-09 5.2924e-09
1896207 139.5 4.5009e-09 5.0391e-09
1896208 140.0 4.3589e-09 4.9569e-09
1896209 140.5 4.2232e-09 4.6702e-09
1896210 141.0 4.0932e-09 4.5252e-09
1896211 141.5 3.9688e-09 4.4247e-09
1896212 142.0 3.8496e-09 4.3483e-09
1896213 142.5 3.7353e-09 4.1131e-09
1896214 143.0 3.6258e-09 3.9729e-09
1896215 143.5 3.5206e-09 3.9121e-09
1896216 144.0 3.4197e-09 3.7585e-09
1896217 144.5 3.3228e-09 3.559e-09
1896218 145.0 3.2297e-09 3.4735e-09
1896219 145.5 3.1402e-09 3.4129e-09
1896220 146.0 3.0542e-09 3.4307e-09
1896221 146.5 2.9714e-09 3.3225e-09
1896222 147.0 2.8918e-09 3.285e-09
1896223 147.5 2.8151e-09 3.053e-09
1896224 148.0 2.7412e-09 2.9682e-09
1896225 148.5 2.67e-09 2.9106e-09
1896226 149.0 2.6014e-09 2.7438e-09
1896227 149.5 2.5352e-09 2.7128e-09
1896228 150.0 2.4714e-09 2.6797e-09
1896229 150.5 2.4098e-09 2.6139e-09
1896230 151.0 2.3504e-09 2.5743e-09
1896231 151.5 2.293e-09 2.5307e-09
1896232 152.0 2.2375e-09 2.405e-09
1896233 152.5 2.1839e-09 2.341e-09
1896234 153.0 2.1321e-09 2.2691e-09
1896235 153.5 2.082e-09 2.1982e-09
1896236 154.0 2.0335e-09 2.1387e-09
1896237 154.5 1.9866e-09 2.1216e-09
1896238 155.0 1.9413e-09 2.0399e-09
1896239 155.5 1.8973e-09 2.0469e-09
1896240 156.0 1.8547e-09 2.0245e-09
1896241 156.5 1.8135e-09 1.9343e-09
1896242 157.0 1.7735e-09 1.8582e-09
1896243 157.5 1.7348e-09 1.8093e-09
1896244 158.0 1.6972e-09 1.7631e-09
1896245 158.5 1.6608e-09 1.6736e-09
1896246 159.0 1.6255e-09 1.5902e-09
1896247 159.5 1.5911e-09 1.5689e-09
1896248 160.0 1.5578e-09 1.5429e-09
1896249 160.5 1.5255e-09 1.5112e-09
1896250 161.0 1.4941e-09 1.5167e-09
1896251 161.5 1.4636e-09 1.5311e-09
1896252 162.0 1.434e-09 1.505e-09
1896253 162.5 1.4051e-09 1.4791e-09
1896254 163.0 1.3771e-09 1.4781e-09
1896255 163.5 1.3499e-09 1.442e-09
1896256 164.0 1.3234e-09 1.426e-09
1896257 164.5 1.2976e-09 1.3825e-09
1896258 165.0 1.2725e-09 1.3592e-09
1896259 165.5 1.2481e-09 1.3441e-09
1896260 166.0 1.2243e-09 1.3143e-09
1896261 166.5 1.2012e-09 1.2672e-09
1896262 167.0 1.1786e-09 1.2288e-09
1896263 167.5 1.1567e-09 1.1805e-09
1896264 168.0 1.1353e-09 1.1551e-09
1896265 168.5 1.1144e-09 1.1303e-09
1896266 169.0 1.0941e-09 1.1105e-09
1896267 169.5 1.0743e-09 1.1025e-09
1896268 170.0 1.055e-09 1.0941e-09
1896269 170.5 1.0361e-09 1.0848e-09
1896270 171.0 1.0177e-09 1.0767e-09
1896271 171.5 9.9978e-10 1.0815e-09
1896272 172.0 9.8227e-10 1.0733e-09
1896273 172.5 9.6518e-10 1.06e-09
1896274 173.0 9.485e-10 1.0145e-09
1896275 173.5 9.3221e-10 9.8841e-10
1896276 174.0 9.163e-10 9.6827e-10
1896277 174.5 9.0076e-10 9.6112e-10
1896278 175.0 8.8558e-10 9.5266e-10
1896279 175.5 8.7075e-10 9.2789e-10
1896280 176.0 8.5626e-10 9.3444e-10
1896281 176.5 8.4209e-10 9.0662e-10
1896282 177.0 8.2824e-10 8.9529e-10
1896283 177.5 8.1471e-10 8.7811e-10
1896284 178.0 8.0147e-10 8.5241e-10
1896285 178.5 7.8852e-10 8.5797e-10
1896286 179.0 7.7586e-10 8.6503e-10
1896287 179.5 7.6347e-10 8.4862e-10
1896288 180.0 7.5134e-10 8.3754e-10
1896289 180.5 7.3948e-10 8.2531e-10
1896290 181.0 7.2787e-10 8.0683e-10
1896291 181.5 7.1651e-10 7.777e-10
1896292 182.0 7.0539e-10 7.5409e-10
1896293 182.5 6.945e-10 7.4579e-10
1896294 183.0 6.8383e-10 7.1839e-10
1896295 183.5 6.7339e-10 7.1543e-10
1896296 184.0 6.6315e-10 7.1334e-10
1896297 184.5 6.5313e-10 6.9921e-10
1896298 185.0 6.4331e-10 6.9317e-10
1896299 185.5 6.3369e-10 6.859e-10
1896300 186.0 6.2426e-10 6.6212e-10
1896301 186.5 6.1502e-10 6.5839e-10
1896302 187.0 6.0596e-10 6.362e-10
1896303 187.5 5.9708e-10 6.1016e-10
1896304 188.0 5.8838e-10 6.1173e-10
1896305 188.5 5.7984e-10 6.2394e-10
1896306 189.0 5.7147e-10 6.145e-10
1896307 189.5 5.6326e-10 6.0913e-10
1896308 190.0 5.5521e-10 5.969e-10
1896309 190.5 5.473e-10 5.9204e-10
1896310 191.0 5.3955e-10 5.8606e-10
1896311 191.5 5.3195e-10 5.8521e-10
1896312 192.0 5.2448e-10 5.7199e-10
1896313 192.5 5.1716e-10 5.528e-10
1896314 193.0 5.0997e-10 5.4709e-10
1896315 193.5 5.0292e-10 5.2585e-10
1896316 194.0 4.9599e-10 5.2498e-10
1896317 194.5 4.8919e-10 5.1832e-10
1896318 195.0 4.8251e-10 5.1499e-10
1896319 195.5 4.7595e-10 4.976e-10
1896320 196.0 4.6951e-10 4.8529e-10
1896321 196.5 4.6319e-10 4.7363e-10
1896322 197.0 4.5697e-10 4.7146e-10
1896323 197.5 4.5087e-10 4.5617e-10
1896324 198.0 4.4487e-10 4.5049e-10
1896325 198.5 4.3898e-10 4.4321e-10
1896326 199.0 4.3319e-10 4.2865e-10
1896327 199.5 4.275e-10 4.1582e-10
1896328 200.0 4.2191e-10 4.1331e-10
