 Hgtkm DensMean DensPert
20451 0.0 1.1656 1.1502
20452 0.5 1.1117 1.0712
20453 1.0 1.06 1.0514
20454 1.5 1.0101 0.98682
20455 2.0 0.96405 0.92537
20456 2.5 0.91875 0.90858
20457 3.0 0.87485 0.87296
20458 3.5 0.83389 0.81968
20459 4.0 0.79521 0.77734
20460 4.5 0.75791 0.73817
20461 5.0 0.72062 0.70937
20462 5.5 0.68516 0.67206
20463 6.0 0.65099 0.63968
20464 6.5 0.61753 0.60943
20465 7.0 0.5858 0.58
20466 7.5 0.5557 0.55687
20467 8.0 0.52637 0.52703
20468 8.5 0.49854 0.50097
20469 9.0 0.47219 0.47351
20470 9.5 0.44723 0.44751
20471 10.0 0.42223 0.42693
20472 10.5 0.39833 0.40093
20473 11.0 0.37498 0.38004
20474 11.5 0.35148 0.35738
20475 12.0 0.32946 0.33107
20476 12.5 0.30821 0.3037
20477 13.0 0.2875 0.28236
20478 13.5 0.26819 0.26774
20479 14.0 0.25018 0.24857
20480 14.5 0.23224 0.23636
20481 15.0 0.21522 0.2245
20482 15.5 0.19945 0.2058
20483 16.0 0.18484 0.18887
20484 16.5 0.1713 0.17304
20485 17.0 0.15766 0.15788
20486 17.5 0.14477 0.14516
20487 18.0 0.13294 0.13418
20488 18.5 0.12208 0.12225
20489 19.0 0.11216 0.11215
20490 19.5 0.10313 0.10246
20491 20.0 0.09483 0.094569
20492 20.5 0.087198 0.086931
20493 21.0 0.080207 0.080281
20494 21.5 0.073926 0.073664
20495 22.0 0.068138 0.067891
20496 22.5 0.062804 0.061792
20497 23.0 0.057888 0.057306
20498 23.5 0.053357 0.052757
20499 24.0 0.049182 0.048678
20500 24.5 0.045387 0.045152
20501 25.0 0.041919 0.041418
20502 25.5 0.038717 0.038428
20503 26.0 0.035759 0.035588
20504 26.5 0.033028 0.032985
20505 27.0 0.030517 0.030329
20506 27.5 0.028214 0.027901
20507 28.0 0.02607 0.025733
20508 28.5 0.024079 0.023814
20509 29.0 0.022235 0.022012
20510 29.5 0.020534 0.020393
20511 30.0 0.018972 0.018747
20512 30.5 0.017528 0.017216
20513 31.0 0.016206 0.015857
20514 31.5 0.014997 0.014634
20515 32.0 0.013887 0.013595
20516 32.5 0.012864 0.01254
20517 33.0 0.01192 0.011759
20518 33.5 0.011049 0.010829
20519 34.0 0.010245 0.010008
20520 34.5 0.0095026 0.0093202
20521 35.0 0.0088171 0.0086548
20522 35.5 0.0081759 0.0080138
20523 36.0 0.0075843 0.0073403
20524 36.5 0.0070383 0.0068581
20525 37.0 0.0065342 0.0063289
20526 37.5 0.0060686 0.0059767
20527 38.0 0.0056384 0.005586
20528 38.5 0.0052406 0.0051921
20529 39.0 0.0048728 0.004832
20530 39.5 0.0045324 0.0044565
20531 40.0 0.0042174 0.0041576
20532 40.5 0.0039312 0.003878
20533 41.0 0.0036655 0.0036574
20534 41.5 0.0034187 0.0033791
20535 42.0 0.0031894 0.0031535
20536 42.5 0.0029763 0.0029533
20537 43.0 0.0027781 0.0027562
20538 43.5 0.0025939 0.0025826
20539 44.0 0.0024226 0.0024218
20540 44.5 0.0022632 0.0022268
20541 45.0 0.0021148 0.0020728
20542 45.5 0.001983 0.0019285
20543 46.0 0.0018594 0.001833
20544 46.5 0.0017437 0.0017354
20545 47.0 0.0016352 0.0016133
20546 47.5 0.0015336 0.0014931
20547 48.0 0.0014384 0.0013946
20548 48.5 0.0013491 0.0013165
20549 49.0 0.0012654 0.0012322
20550 49.5 0.001187 0.0011854
20551 50.0 0.0011135 0.001086
20552 50.5 0.0010487 0.0010439
20553 51.0 0.00098743 0.00098607
20554 51.5 0.00092954 0.00092838
20555 52.0 0.00087485 0.00084762
20556 52.5 0.00082321 0.00079461
20557 53.0 0.00077443 0.00077194
20558 53.5 0.00072839 0.00072422
20559 54.0 0.00068493 0.00068077
20560 54.5 0.00064391 0.00064591
20561 55.0 0.00060522 0.00060966
20562 55.5 0.00056946 0.00057084
20563 56.0 0.00053563 0.00054464
20564 56.5 0.00050363 0.00051384
20565 57.0 0.00047338 0.00047476
20566 57.5 0.0004448 0.00045247
20567 58.0 0.00041778 0.0004288
20568 58.5 0.00039227 0.00041146
20569 59.0 0.00036818 0.00038614
20570 59.5 0.00034544 0.00037086
20571 60.0 0.00032399 0.00034992
20572 60.5 0.00030372 0.00032198
20573 61.0 0.00028463 0.00030345
20574 61.5 0.00026664 0.00028775
20575 62.0 0.00024971 0.00026716
20576 62.5 0.00023377 0.00024916
20577 63.0 0.00021877 0.00023146
20578 63.5 0.00020467 0.0002169
20579 64.0 0.0001914 0.00020242
20580 64.5 0.00017893 0.00018735
20581 65.0 0.00016721 0.00017383
20582 65.5 0.0001562 0.00016475
20583 66.0 0.00014585 0.00014982
20584 66.5 0.00013614 0.00013976
20585 67.0 0.00012702 0.00013042
20586 67.5 0.00011847 0.00012308
20587 68.0 0.00011044 0.0001159
20588 68.5 0.00010291 0.00010566
20589 69.0 9.586e-05 9.8044e-05
20590 69.5 8.9252e-05 8.9519e-05
20591 70.0 8.3063e-05 8.4206e-05
20592 70.5 7.7163e-05 7.6877e-05
20593 71.0 7.1662e-05 7.0298e-05
20594 71.5 6.6533e-05 6.602e-05
20595 72.0 6.1754e-05 6.2923e-05
20596 72.5 5.73e-05 5.784e-05
20597 73.0 5.3152e-05 5.4934e-05
20598 73.5 4.929e-05 5.0365e-05
20599 74.0 4.5694e-05 4.8165e-05
20600 74.5 4.2348e-05 4.3835e-05
20601 75.0 3.9234e-05 4.1535e-05
20602 75.5 3.6322e-05 3.882e-05
20603 76.0 3.362e-05 3.557e-05
20604 76.5 3.1114e-05 3.3312e-05
20605 77.0 2.879e-05 3.0554e-05
20606 77.5 2.6635e-05 2.8237e-05
20607 78.0 2.4638e-05 2.6889e-05
20608 78.5 2.2786e-05 2.4971e-05
20609 79.0 2.107e-05 2.3384e-05
20610 79.5 1.948e-05 2.0951e-05
20611 80.0 1.8007e-05 1.9769e-05
20612 80.5 1.6666e-05 1.8062e-05
20613 81.0 1.5421e-05 1.6803e-05
20614 81.5 1.4266e-05 1.5554e-05
20615 82.0 1.3195e-05 1.4511e-05
20616 82.5 1.2201e-05 1.3293e-05
20617 83.0 1.1279e-05 1.2503e-05
20618 83.5 1.0424e-05 1.1691e-05
20619 84.0 9.6315e-06 1.0624e-05
20620 84.5 8.8972e-06 9.796e-06
20621 85.0 8.2168e-06 9.0885e-06
20622 85.5 7.5691e-06 8.3184e-06
20623 86.0 6.9703e-06 7.4644e-06
20624 86.5 6.4168e-06 6.8867e-06
20625 87.0 5.9053e-06 6.3445e-06
20626 87.5 5.4329e-06 5.7438e-06
20627 88.0 4.9967e-06 5.4107e-06
20628 88.5 4.5939e-06 4.8069e-06
20629 89.0 4.2223e-06 4.1605e-06
20630 89.5 3.8794e-06 3.8094e-06
20631 90.0 3.5632e-06 3.5217e-06
20632 90.5 3.2661e-06 3.1449e-06
20633 91.0 2.9921e-06 3.0333e-06
20634 91.5 2.7394e-06 2.7915e-06
20635 92.0 2.5064e-06 2.3677e-06
20636 92.5 2.2918e-06 2.2556e-06
20637 93.0 2.0942e-06 2.0918e-06
20638 93.5 1.9124e-06 1.8392e-06
20639 94.0 1.7451e-06 1.7816e-06
20640 94.5 1.5915e-06 1.6439e-06
20641 95.0 1.4504e-06 1.4051e-06
20642 95.5 1.3156e-06 1.3093e-06
20643 96.0 1.1938e-06 1.18e-06
20644 96.5 1.0837e-06 1.1221e-06
20645 97.0 9.8411e-07 1.0824e-06
20646 97.5 8.94e-07 9.1656e-07
20647 98.0 8.1243e-07 8.7158e-07
20648 98.5 7.3857e-07 7.3693e-07
20649 99.0 6.7167e-07 6.5117e-07
20650 99.5 6.1105e-07 6.0718e-07
20651 100.0 5.5611e-07 5.1737e-07
20652 100.5 5.0368e-07 4.5535e-07
20653 101.0 4.5678e-07 4.263e-07
20654 101.5 4.1476e-07 3.8408e-07
20655 102.0 3.7705e-07 3.3443e-07
20656 102.5 3.4316e-07 2.9004e-07
20657 103.0 3.1267e-07 2.8835e-07
20658 103.5 2.852e-07 2.5595e-07
20659 104.0 2.6042e-07 2.5274e-07
20660 104.5 2.3804e-07 2.3844e-07
20661 105.0 2.1782e-07 2.208e-07
20662 105.5 1.9878e-07 2.0337e-07
20663 106.0 1.8174e-07 1.8859e-07
20664 106.5 1.6645e-07 1.6739e-07
20665 107.0 1.5269e-07 1.579e-07
20666 107.5 1.4029e-07 1.529e-07
20667 108.0 1.2908e-07 1.356e-07
20668 108.5 1.1894e-07 1.1841e-07
20669 109.0 1.0974e-07 1.0972e-07
20670 109.5 1.0139e-07 1.0446e-07
20671 110.0 9.3782e-08 9.1604e-08
20672 110.5 8.6689e-08 8.9189e-08
20673 111.0 8.027e-08 8.1042e-08
20674 111.5 7.4446e-08 7.8063e-08
20675 112.0 6.9146e-08 7.6729e-08
20676 112.5 6.4312e-08 7.1078e-08
20677 113.0 5.9892e-08 6.6064e-08
20678 113.5 5.5844e-08 6.0322e-08
20679 114.0 5.2129e-08 5.8225e-08
20680 114.5 4.8712e-08 5.5691e-08
20681 115.0 4.5565e-08 4.9461e-08
20682 115.5 4.2658e-08 4.6478e-08
20683 116.0 3.9975e-08 4.4608e-08
20684 116.5 3.7495e-08 3.9938e-08
20685 117.0 3.5199e-08 3.7533e-08
20686 117.5 3.307e-08 3.5134e-08
20687 118.0 3.1094e-08 3.236e-08
20688 118.5 2.9258e-08 3.1e-08
20689 119.0 2.755e-08 2.8683e-08
20690 119.5 2.5959e-08 2.7113e-08
20691 120.0 2.4476e-08 2.5631e-08
20692 120.5 2.3096e-08 2.5911e-08
20693 121.0 2.1815e-08 2.4657e-08
20694 121.5 2.0624e-08 2.2614e-08
20695 122.0 1.9516e-08 2.1105e-08
20696 122.5 1.8484e-08 2.0594e-08
20697 123.0 1.7523e-08 2.01e-08
20698 123.5 1.6627e-08 1.9551e-08
20699 124.0 1.579e-08 1.8475e-08
20700 124.5 1.5009e-08 1.7495e-08
20701 125.0 1.4278e-08 1.6295e-08
20702 125.5 1.3595e-08 1.5032e-08
20703 126.0 1.2955e-08 1.4179e-08
20704 126.5 1.2355e-08 1.3725e-08
20705 127.0 1.1792e-08 1.298e-08
20706 127.5 1.1263e-08 1.3008e-08
20707 128.0 1.0766e-08 1.2485e-08
20708 128.5 1.0298e-08 1.1759e-08
20709 129.0 9.8578e-09 1.1354e-08
20710 129.5 9.4426e-09 1.0687e-08
20711 130.0 9.0509e-09 1.0249e-08
20712 130.5 8.681e-09 9.8363e-09
20713 131.0 8.3315e-09 9.5083e-09
20714 131.5 8.001e-09 9.1517e-09
20715 132.0 7.6883e-09 8.7633e-09
20716 132.5 7.392e-09 8.3913e-09
20717 133.0 7.1112e-09 8.1782e-09
20718 133.5 6.8449e-09 7.744e-09
20719 134.0 6.5921e-09 7.2928e-09
20720 134.5 6.3521e-09 7.0604e-09
20721 135.0 6.1239e-09 6.7814e-09
20722 135.5 5.9069e-09 6.6936e-09
20723 136.0 5.7004e-09 6.2803e-09
20724 136.5 5.5037e-09 6.3018e-09
20725 137.0 5.3163e-09 5.8645e-09
20726 137.5 5.1377e-09 5.4158e-09
20727 138.0 4.9673e-09 5.0875e-09
20728 138.5 4.8046e-09 4.8286e-09
20729 139.0 4.6493e-09 4.743e-09
20730 139.5 4.5009e-09 4.5036e-09
20731 140.0 4.3589e-09 4.5487e-09
20732 140.5 4.2232e-09 4.4344e-09
20733 141.0 4.0932e-09 4.3028e-09
20734 141.5 3.9688e-09 4.1742e-09
20735 142.0 3.8496e-09 4.0184e-09
20736 142.5 3.7353e-09 3.8544e-09
20737 143.0 3.6258e-09 3.7099e-09
20738 143.5 3.5206e-09 3.6994e-09
20739 144.0 3.4197e-09 3.5243e-09
20740 144.5 3.3228e-09 3.4326e-09
20741 145.0 3.2297e-09 3.3707e-09
20742 145.5 3.1402e-09 3.3806e-09
20743 146.0 3.0542e-09 3.303e-09
20744 146.5 2.9714e-09 3.2554e-09
20745 147.0 2.8918e-09 3.2706e-09
20746 147.5 2.8151e-09 3.0996e-09
20747 148.0 2.7412e-09 3.0047e-09
20748 148.5 2.67e-09 2.8555e-09
20749 149.0 2.6014e-09 2.745e-09
20750 149.5 2.5352e-09 2.6555e-09
20751 150.0 2.4714e-09 2.6262e-09
20752 150.5 2.4098e-09 2.5306e-09
20753 151.0 2.3504e-09 2.523e-09
20754 151.5 2.293e-09 2.4727e-09
20755 152.0 2.2375e-09 2.4281e-09
20756 152.5 2.1839e-09 2.3193e-09
20757 153.0 2.1321e-09 2.2977e-09
20758 153.5 2.082e-09 2.3179e-09
20759 154.0 2.0335e-09 2.2802e-09
20760 154.5 1.9866e-09 2.2025e-09
20761 155.0 1.9413e-09 2.1846e-09
20762 155.5 1.8973e-09 2.1141e-09
20763 156.0 1.8547e-09 2.0381e-09
20764 156.5 1.8135e-09 2.0291e-09
20765 157.0 1.7735e-09 1.9223e-09
20766 157.5 1.7348e-09 1.8951e-09
20767 158.0 1.6972e-09 1.8772e-09
20768 158.5 1.6608e-09 1.8658e-09
20769 159.0 1.6255e-09 1.7854e-09
20770 159.5 1.5911e-09 1.7447e-09
20771 160.0 1.5578e-09 1.6681e-09
20772 160.5 1.5255e-09 1.6578e-09
20773 161.0 1.4941e-09 1.6171e-09
20774 161.5 1.4636e-09 1.5677e-09
20775 162.0 1.434e-09 1.5533e-09
20776 162.5 1.4051e-09 1.5354e-09
20777 163.0 1.3771e-09 1.505e-09
20778 163.5 1.3499e-09 1.4891e-09
20779 164.0 1.3234e-09 1.4384e-09
20780 164.5 1.2976e-09 1.3935e-09
20781 165.0 1.2725e-09 1.3643e-09
20782 165.5 1.2481e-09 1.352e-09
20783 166.0 1.2243e-09 1.3025e-09
20784 166.5 1.2012e-09 1.2648e-09
20785 167.0 1.1786e-09 1.2591e-09
20786 167.5 1.1567e-09 1.2762e-09
20787 168.0 1.1353e-09 1.2538e-09
20788 168.5 1.1144e-09 1.2016e-09
20789 169.0 1.0941e-09 1.1919e-09
20790 169.5 1.0743e-09 1.1654e-09
20791 170.0 1.055e-09 1.1441e-09
20792 170.5 1.0361e-09 1.1052e-09
20793 171.0 1.0177e-09 1.0612e-09
20794 171.5 9.9978e-10 1.035e-09
20795 172.0 9.8227e-10 9.9874e-10
20796 172.5 9.6518e-10 9.8954e-10
20797 173.0 9.485e-10 9.6965e-10
20798 173.5 9.3221e-10 9.5294e-10
20799 174.0 9.163e-10 9.3902e-10
20800 174.5 9.0076e-10 9.3469e-10
20801 175.0 8.8558e-10 9.0644e-10
20802 175.5 8.7075e-10 8.8601e-10
20803 176.0 8.5626e-10 8.7319e-10
20804 176.5 8.4209e-10 8.3533e-10
20805 177.0 8.2824e-10 8.4077e-10
20806 177.5 8.1471e-10 8.179e-10
20807 178.0 8.0147e-10 8.1084e-10
20808 178.5 7.8852e-10 8.0336e-10
20809 179.0 7.7586e-10 7.8537e-10
20810 179.5 7.6347e-10 7.8678e-10
20811 180.0 7.5134e-10 7.608e-10
20812 180.5 7.3948e-10 7.4954e-10
20813 181.0 7.2787e-10 7.2534e-10
20814 181.5 7.1651e-10 7.1833e-10
20815 182.0 7.0539e-10 6.8781e-10
20816 182.5 6.945e-10 6.9428e-10
20817 183.0 6.8383e-10 6.9461e-10
20818 183.5 6.7339e-10 6.6794e-10
20819 184.0 6.6315e-10 6.5086e-10
20820 184.5 6.5313e-10 6.4128e-10
20821 185.0 6.4331e-10 6.3554e-10
20822 185.5 6.3369e-10 6.4976e-10
20823 186.0 6.2426e-10 6.5347e-10
20824 186.5 6.1502e-10 6.503e-10
20825 187.0 6.0596e-10 6.6265e-10
20826 187.5 5.9708e-10 6.6699e-10
20827 188.0 5.8838e-10 6.5973e-10
20828 188.5 5.7984e-10 6.3814e-10
20829 189.0 5.7147e-10 6.1713e-10
20830 189.5 5.6326e-10 6.0058e-10
20831 190.0 5.5521e-10 5.8506e-10
20832 190.5 5.473e-10 5.87e-10
20833 191.0 5.3955e-10 5.7942e-10
20834 191.5 5.3195e-10 5.7109e-10
20835 192.0 5.2448e-10 5.6137e-10
20836 192.5 5.1716e-10 5.4915e-10
20837 193.0 5.0997e-10 5.4509e-10
20838 193.5 5.0292e-10 5.2878e-10
20839 194.0 4.9599e-10 5.2321e-10
20840 194.5 4.8919e-10 5.1182e-10
20841 195.0 4.8251e-10 5.106e-10
20842 195.5 4.7595e-10 5.0765e-10
20843 196.0 4.6951e-10 4.9268e-10
20844 196.5 4.6319e-10 4.7877e-10
20845 197.0 4.5697e-10 4.7745e-10
20846 197.5 4.5087e-10 4.6987e-10
20847 198.0 4.4487e-10 4.7215e-10
20848 198.5 4.3898e-10 4.5229e-10
20849 199.0 4.3319e-10 4.3949e-10
20850 199.5 4.275e-10 4.2965e-10
20851 200.0 4.2191e-10 4.2653e-10
