 Hgtkm DensMean DensPert
328419 0.0 1.1656 1.1298
328420 0.5 1.1117 1.0796
328421 1.0 1.06 1.028
328422 1.5 1.0101 0.99188
328423 2.0 0.96405 0.96528
328424 2.5 0.91875 0.91718
328425 3.0 0.87485 0.87169
328426 3.5 0.83389 0.82916
328427 4.0 0.79521 0.79186
328428 4.5 0.75791 0.75736
328429 5.0 0.72062 0.72
328430 5.5 0.68516 0.68852
328431 6.0 0.65099 0.65412
328432 6.5 0.61753 0.6209
328433 7.0 0.5858 0.5922
328434 7.5 0.5557 0.56307
328435 8.0 0.52637 0.53249
328436 8.5 0.49854 0.50399
328437 9.0 0.47219 0.47715
328438 9.5 0.44723 0.45173
328439 10.0 0.42223 0.42776
328440 10.5 0.39833 0.40465
328441 11.0 0.37498 0.38098
328442 11.5 0.35148 0.35658
328443 12.0 0.32946 0.33502
328444 12.5 0.30821 0.313
328445 13.0 0.2875 0.2917
328446 13.5 0.26819 0.26892
328447 14.0 0.25018 0.25233
328448 14.5 0.23224 0.2335
328449 15.0 0.21522 0.21588
328450 15.5 0.19945 0.20052
328451 16.0 0.18484 0.18624
328452 16.5 0.1713 0.17356
328453 17.0 0.15766 0.15878
328454 17.5 0.14477 0.14631
328455 18.0 0.13294 0.1336
328456 18.5 0.12208 0.12178
328457 19.0 0.11216 0.1131
328458 19.5 0.10313 0.10302
328459 20.0 0.09483 0.0952
328460 20.5 0.087198 0.087779
328461 21.0 0.080207 0.080498
328462 21.5 0.073926 0.074224
328463 22.0 0.068138 0.067779
328464 22.5 0.062804 0.062851
328465 23.0 0.057888 0.057487
328466 23.5 0.053357 0.053133
328467 24.0 0.049182 0.048986
328468 24.5 0.045387 0.045127
328469 25.0 0.041919 0.041559
328470 25.5 0.038717 0.038454
328471 26.0 0.035759 0.035474
328472 26.5 0.033028 0.032692
328473 27.0 0.030517 0.030202
328474 27.5 0.028214 0.027976
328475 28.0 0.02607 0.025746
328476 28.5 0.024079 0.023773
328477 29.0 0.022235 0.021827
328478 29.5 0.020534 0.020173
328479 30.0 0.018972 0.018629
328480 30.5 0.017528 0.017184
328481 31.0 0.016206 0.015786
328482 31.5 0.014997 0.014616
328483 32.0 0.013887 0.013507
328484 32.5 0.012864 0.012525
328485 33.0 0.01192 0.011331
328486 33.5 0.011049 0.010632
328487 34.0 0.010245 0.0098963
328488 34.5 0.0095026 0.0093606
328489 35.0 0.0088171 0.0087129
328490 35.5 0.0081759 0.0082317
328491 36.0 0.0075843 0.0075914
328492 36.5 0.0070383 0.0069829
328493 37.0 0.0065342 0.006578
328494 37.5 0.0060686 0.0060677
328495 38.0 0.0056384 0.0056131
328496 38.5 0.0052406 0.0051891
328497 39.0 0.0048728 0.0048564
328498 39.5 0.0045324 0.004562
328499 40.0 0.0042174 0.0042539
328500 40.5 0.0039312 0.003943
328501 41.0 0.0036655 0.0036677
328502 41.5 0.0034187 0.0034198
328503 42.0 0.0031894 0.0032524
328504 42.5 0.0029763 0.0030023
328505 43.0 0.0027781 0.002786
328506 43.5 0.0025939 0.0026258
328507 44.0 0.0024226 0.0025055
328508 44.5 0.0022632 0.0023252
328509 45.0 0.0021148 0.0022075
328510 45.5 0.001983 0.0020388
328511 46.0 0.0018594 0.0018834
328512 46.5 0.0017437 0.0017377
328513 47.0 0.0016352 0.0016644
328514 47.5 0.0015336 0.0015889
328515 48.0 0.0014384 0.0015045
328516 48.5 0.0013491 0.001395
328517 49.0 0.0012654 0.0012937
328518 49.5 0.001187 0.0012187
328519 50.0 0.0011135 0.0011479
328520 50.5 0.0010487 0.0011002
328521 51.0 0.00098743 0.0010319
328522 51.5 0.00092954 0.00098654
328523 52.0 0.00087485 0.0009259
328524 52.5 0.00082321 0.0008756
328525 53.0 0.00077443 0.00081728
328526 53.5 0.00072839 0.00076688
328527 54.0 0.00068493 0.0007163
328528 54.5 0.00064391 0.00067068
328529 55.0 0.00060522 0.00062343
328530 55.5 0.00056946 0.00058224
328531 56.0 0.00053563 0.00052975
328532 56.5 0.00050363 0.00050117
328533 57.0 0.00047338 0.00046668
328534 57.5 0.0004448 0.00045698
328535 58.0 0.00041778 0.00042053
328536 58.5 0.00039227 0.00039358
328537 59.0 0.00036818 0.00037111
328538 59.5 0.00034544 0.00035054
328539 60.0 0.00032399 0.00032859
328540 60.5 0.00030372 0.00030863
328541 61.0 0.00028463 0.00028886
328542 61.5 0.00026664 0.00027264
328543 62.0 0.00024971 0.00025152
328544 62.5 0.00023377 0.00023104
328545 63.0 0.00021877 0.00021753
328546 63.5 0.00020467 0.00020437
328547 64.0 0.0001914 0.00019186
328548 64.5 0.00017893 0.00018731
328549 65.0 0.00016721 0.00017625
328550 65.5 0.0001562 0.00016297
328551 66.0 0.00014585 0.00015085
328552 66.5 0.00013614 0.00014249
328553 67.0 0.00012702 0.00013501
328554 67.5 0.00011847 0.0001273
328555 68.0 0.00011044 0.00011993
328556 68.5 0.00010291 0.00011413
328557 69.0 9.586e-05 0.00010367
328558 69.5 8.9252e-05 9.8739e-05
328559 70.0 8.3063e-05 9.1349e-05
328560 70.5 7.7163e-05 8.4078e-05
328561 71.0 7.1662e-05 7.9182e-05
328562 71.5 6.6533e-05 7.4774e-05
328563 72.0 6.1754e-05 6.9212e-05
328564 72.5 5.73e-05 6.3489e-05
328565 73.0 5.3152e-05 5.8291e-05
328566 73.5 4.929e-05 5.2856e-05
328567 74.0 4.5694e-05 4.8952e-05
328568 74.5 4.2348e-05 4.5425e-05
328569 75.0 3.9234e-05 4.2223e-05
328570 75.5 3.6322e-05 3.9809e-05
328571 76.0 3.362e-05 3.6887e-05
328572 76.5 3.1114e-05 3.4059e-05
328573 77.0 2.879e-05 3.2371e-05
328574 77.5 2.6635e-05 2.9964e-05
328575 78.0 2.4638e-05 2.7067e-05
328576 78.5 2.2786e-05 2.5485e-05
328577 79.0 2.107e-05 2.3242e-05
328578 79.5 1.948e-05 2.154e-05
328579 80.0 1.8007e-05 1.9734e-05
328580 80.5 1.6666e-05 1.8463e-05
328581 81.0 1.5421e-05 1.687e-05
328582 81.5 1.4266e-05 1.5564e-05
328583 82.0 1.3195e-05 1.4447e-05
328584 82.5 1.2201e-05 1.3468e-05
328585 83.0 1.1279e-05 1.2218e-05
328586 83.5 1.0424e-05 1.098e-05
328587 84.0 9.6315e-06 1.0157e-05
328588 84.5 8.8972e-06 9.6463e-06
328589 85.0 8.2168e-06 9.1481e-06
328590 85.5 7.5691e-06 8.3845e-06
328591 86.0 6.9703e-06 7.8516e-06
328592 86.5 6.4168e-06 7.231e-06
328593 87.0 5.9053e-06 6.7918e-06
328594 87.5 5.4329e-06 6.0699e-06
328595 88.0 4.9967e-06 5.4379e-06
328596 88.5 4.5939e-06 5.128e-06
328597 89.0 4.2223e-06 4.7894e-06
328598 89.5 3.8794e-06 4.2671e-06
328599 90.0 3.5632e-06 4.0468e-06
328600 90.5 3.2661e-06 3.5169e-06
328601 91.0 2.9921e-06 3.139e-06
328602 91.5 2.7394e-06 2.8885e-06
328603 92.0 2.5064e-06 2.6419e-06
328604 92.5 2.2918e-06 2.5707e-06
328605 93.0 2.0942e-06 2.2453e-06
328606 93.5 1.9124e-06 1.9857e-06
328607 94.0 1.7451e-06 1.8957e-06
328608 94.5 1.5915e-06 1.6827e-06
328609 95.0 1.4504e-06 1.51e-06
328610 95.5 1.3156e-06 1.3778e-06
328611 96.0 1.1938e-06 1.2464e-06
328612 96.5 1.0837e-06 1.1829e-06
328613 97.0 9.8411e-07 1.035e-06
328614 97.5 8.94e-07 9.998e-07
328615 98.0 8.1243e-07 8.834e-07
328616 98.5 7.3857e-07 8.2404e-07
328617 99.0 6.7167e-07 7.1458e-07
328618 99.5 6.1105e-07 6.6672e-07
328619 100.0 5.5611e-07 5.9848e-07
328620 100.5 5.0368e-07 5.6848e-07
328621 101.0 4.5678e-07 5.093e-07
328622 101.5 4.1476e-07 5.036e-07
328623 102.0 3.7705e-07 4.6745e-07
328624 102.5 3.4316e-07 4.0848e-07
328625 103.0 3.1267e-07 3.6198e-07
328626 103.5 2.852e-07 3.2813e-07
328627 104.0 2.6042e-07 3.0228e-07
328628 104.5 2.3804e-07 2.6126e-07
328629 105.0 2.1782e-07 2.309e-07
328630 105.5 1.9878e-07 2.2045e-07
328631 106.0 1.8174e-07 2.1152e-07
328632 106.5 1.6645e-07 1.9746e-07
328633 107.0 1.5269e-07 1.7732e-07
328634 107.5 1.4029e-07 1.634e-07
328635 108.0 1.2908e-07 1.4614e-07
328636 108.5 1.1894e-07 1.3594e-07
328637 109.0 1.0974e-07 1.2148e-07
328638 109.5 1.0139e-07 1.0779e-07
328639 110.0 9.3782e-08 9.957e-08
328640 110.5 8.6689e-08 9.0997e-08
328641 111.0 8.027e-08 8.1985e-08
328642 111.5 7.4446e-08 7.8808e-08
328643 112.0 6.9146e-08 7.1563e-08
328644 112.5 6.4312e-08 6.693e-08
328645 113.0 5.9892e-08 6.0315e-08
328646 113.5 5.5844e-08 5.7289e-08
328647 114.0 5.2129e-08 5.0399e-08
328648 114.5 4.8712e-08 4.6747e-08
328649 115.0 4.5565e-08 4.4945e-08
328650 115.5 4.2658e-08 4.4457e-08
328651 116.0 3.9975e-08 4.0873e-08
328652 116.5 3.7495e-08 3.8828e-08
328653 117.0 3.5199e-08 3.7268e-08
328654 117.5 3.307e-08 3.5677e-08
328655 118.0 3.1094e-08 3.324e-08
328656 118.5 2.9258e-08 3.2408e-08
328657 119.0 2.755e-08 3.0179e-08
328658 119.5 2.5959e-08 2.7908e-08
328659 120.0 2.4476e-08 2.5862e-08
328660 120.5 2.3096e-08 2.4913e-08
328661 121.0 2.1815e-08 2.3902e-08
328662 121.5 2.0624e-08 2.266e-08
328663 122.0 1.9516e-08 2.0872e-08
328664 122.5 1.8484e-08 1.9885e-08
328665 123.0 1.7523e-08 1.9032e-08
328666 123.5 1.6627e-08 1.8218e-08
328667 124.0 1.579e-08 1.7e-08
328668 124.5 1.5009e-08 1.6521e-08
328669 125.0 1.4278e-08 1.6213e-08
328670 125.5 1.3595e-08 1.5403e-08
328671 126.0 1.2955e-08 1.4424e-08
328672 126.5 1.2355e-08 1.3478e-08
328673 127.0 1.1792e-08 1.2934e-08
328674 127.5 1.1263e-08 1.2578e-08
328675 128.0 1.0766e-08 1.2223e-08
328676 128.5 1.0298e-08 1.1601e-08
328677 129.0 9.8578e-09 1.0892e-08
328678 129.5 9.4426e-09 1.0357e-08
328679 130.0 9.0509e-09 9.8252e-09
328680 130.5 8.681e-09 9.6644e-09
328681 131.0 8.3315e-09 9.0907e-09
328682 131.5 8.001e-09 8.7374e-09
328683 132.0 7.6883e-09 8.5598e-09
328684 132.5 7.392e-09 8.0728e-09
328685 133.0 7.1112e-09 7.685e-09
328686 133.5 6.8449e-09 7.4827e-09
328687 134.0 6.5921e-09 7.3078e-09
328688 134.5 6.3521e-09 6.9529e-09
328689 135.0 6.1239e-09 6.7658e-09
328690 135.5 5.9069e-09 6.4748e-09
328691 136.0 5.7004e-09 6.273e-09
328692 136.5 5.5037e-09 5.9752e-09
328693 137.0 5.3163e-09 5.756e-09
328694 137.5 5.1377e-09 5.6794e-09
328695 138.0 4.9673e-09 5.3971e-09
328696 138.5 4.8046e-09 5.0343e-09
328697 139.0 4.6493e-09 4.9343e-09
328698 139.5 4.5009e-09 4.8091e-09
328699 140.0 4.3589e-09 4.6775e-09
328700 140.5 4.2232e-09 4.6914e-09
328701 141.0 4.0932e-09 4.4757e-09
328702 141.5 3.9688e-09 4.3309e-09
328703 142.0 3.8496e-09 4.2191e-09
328704 142.5 3.7353e-09 4.2419e-09
328705 143.0 3.6258e-09 4.0553e-09
328706 143.5 3.5206e-09 3.9463e-09
328707 144.0 3.4197e-09 3.847e-09
328708 144.5 3.3228e-09 3.6416e-09
328709 145.0 3.2297e-09 3.6016e-09
328710 145.5 3.1402e-09 3.446e-09
328711 146.0 3.0542e-09 3.4524e-09
328712 146.5 2.9714e-09 3.4298e-09
328713 147.0 2.8918e-09 3.2846e-09
328714 147.5 2.8151e-09 3.0938e-09
328715 148.0 2.7412e-09 2.969e-09
328716 148.5 2.67e-09 2.8836e-09
328717 149.0 2.6014e-09 2.7745e-09
328718 149.5 2.5352e-09 2.7335e-09
328719 150.0 2.4714e-09 2.6235e-09
328720 150.5 2.4098e-09 2.5923e-09
328721 151.0 2.3504e-09 2.5172e-09
328722 151.5 2.293e-09 2.4758e-09
328723 152.0 2.2375e-09 2.4206e-09
328724 152.5 2.1839e-09 2.3089e-09
328725 153.0 2.1321e-09 2.2904e-09
328726 153.5 2.082e-09 2.2655e-09
328727 154.0 2.0335e-09 2.167e-09
328728 154.5 1.9866e-09 2.1358e-09
328729 155.0 1.9413e-09 2.0857e-09
328730 155.5 1.8973e-09 2.0131e-09
328731 156.0 1.8547e-09 2.0165e-09
328732 156.5 1.8135e-09 1.94e-09
328733 157.0 1.7735e-09 1.8746e-09
328734 157.5 1.7348e-09 1.8325e-09
328735 158.0 1.6972e-09 1.7922e-09
328736 158.5 1.6608e-09 1.7047e-09
328737 159.0 1.6255e-09 1.6552e-09
328738 159.5 1.5911e-09 1.6015e-09
328739 160.0 1.5578e-09 1.536e-09
328740 160.5 1.5255e-09 1.531e-09
328741 161.0 1.4941e-09 1.4936e-09
328742 161.5 1.4636e-09 1.4843e-09
328743 162.0 1.434e-09 1.4458e-09
328744 162.5 1.4051e-09 1.437e-09
328745 163.0 1.3771e-09 1.392e-09
328746 163.5 1.3499e-09 1.3962e-09
328747 164.0 1.3234e-09 1.3664e-09
328748 164.5 1.2976e-09 1.3079e-09
328749 165.0 1.2725e-09 1.241e-09
328750 165.5 1.2481e-09 1.2284e-09
328751 166.0 1.2243e-09 1.2002e-09
328752 166.5 1.2012e-09 1.1566e-09
328753 167.0 1.1786e-09 1.1514e-09
328754 167.5 1.1567e-09 1.1407e-09
328755 168.0 1.1353e-09 1.1391e-09
328756 168.5 1.1144e-09 1.0836e-09
328757 169.0 1.0941e-09 1.0759e-09
328758 169.5 1.0743e-09 1.0711e-09
328759 170.0 1.055e-09 1.0617e-09
328760 170.5 1.0361e-09 1.0461e-09
328761 171.0 1.0177e-09 1.043e-09
328762 171.5 9.9978e-10 1.0432e-09
328763 172.0 9.8227e-10 1.0405e-09
328764 172.5 9.6518e-10 1.0243e-09
328765 173.0 9.485e-10 1.0024e-09
328766 173.5 9.3221e-10 9.5675e-10
328767 174.0 9.163e-10 9.4561e-10
328768 174.5 9.0076e-10 9.3208e-10
328769 175.0 8.8558e-10 9.2675e-10
328770 175.5 8.7075e-10 9.1458e-10
328771 176.0 8.5626e-10 8.7318e-10
328772 176.5 8.4209e-10 8.5491e-10
328773 177.0 8.2824e-10 8.2437e-10
328774 177.5 8.1471e-10 8.2311e-10
328775 178.0 8.0147e-10 8.1196e-10
328776 178.5 7.8852e-10 8.2154e-10
328777 179.0 7.7586e-10 8.1021e-10
328778 179.5 7.6347e-10 8.0203e-10
328779 180.0 7.5134e-10 7.7515e-10
328780 180.5 7.3948e-10 7.4749e-10
328781 181.0 7.2787e-10 7.3889e-10
328782 181.5 7.1651e-10 7.377e-10
328783 182.0 7.0539e-10 7.3111e-10
328784 182.5 6.945e-10 7.1907e-10
328785 183.0 6.8383e-10 7.0195e-10
328786 183.5 6.7339e-10 6.9574e-10
328787 184.0 6.6315e-10 6.8283e-10
328788 184.5 6.5313e-10 6.692e-10
328789 185.0 6.4331e-10 6.7386e-10
328790 185.5 6.3369e-10 6.5241e-10
328791 186.0 6.2426e-10 6.5315e-10
328792 186.5 6.1502e-10 6.4181e-10
328793 187.0 6.0596e-10 6.2827e-10
328794 187.5 5.9708e-10 6.0675e-10
328795 188.0 5.8838e-10 5.9073e-10
328796 188.5 5.7984e-10 5.7428e-10
328797 189.0 5.7147e-10 5.4724e-10
328798 189.5 5.6326e-10 5.4263e-10
328799 190.0 5.5521e-10 5.4998e-10
328800 190.5 5.473e-10 5.3606e-10
328801 191.0 5.3955e-10 5.3302e-10
328802 191.5 5.3195e-10 5.1125e-10
328803 192.0 5.2448e-10 5.0927e-10
328804 192.5 5.1716e-10 5.06e-10
328805 193.0 5.0997e-10 4.8686e-10
328806 193.5 5.0292e-10 4.7047e-10
328807 194.0 4.9599e-10 4.5613e-10
328808 194.5 4.8919e-10 4.4779e-10
328809 195.0 4.8251e-10 4.5e-10
328810 195.5 4.7595e-10 4.487e-10
328811 196.0 4.6951e-10 4.4803e-10
328812 196.5 4.6319e-10 4.3193e-10
328813 197.0 4.5697e-10 4.2914e-10
328814 197.5 4.5087e-10 4.1428e-10
328815 198.0 4.4487e-10 4.0091e-10
328816 198.5 4.3898e-10 3.9635e-10
328817 199.0 4.3319e-10 3.9159e-10
328818 199.5 4.275e-10 3.9372e-10
328819 200.0 4.2191e-10 3.8717e-10
