 Hgtkm DensMean DensPert
355687 0.0 1.1656 1.1941
355688 0.5 1.1117 1.1272
355689 1.0 1.06 1.0856
355690 1.5 1.0101 1.0424
355691 2.0 0.96405 0.99179
355692 2.5 0.91875 0.94354
355693 3.0 0.87485 0.89353
355694 3.5 0.83389 0.84861
355695 4.0 0.79521 0.8072
355696 4.5 0.75791 0.76904
355697 5.0 0.72062 0.73093
355698 5.5 0.68516 0.69226
355699 6.0 0.65099 0.65505
355700 6.5 0.61753 0.62133
355701 7.0 0.5858 0.58933
355702 7.5 0.5557 0.55781
355703 8.0 0.52637 0.52672
355704 8.5 0.49854 0.49756
355705 9.0 0.47219 0.47175
355706 9.5 0.44723 0.44699
355707 10.0 0.42223 0.42019
355708 10.5 0.39833 0.39524
355709 11.0 0.37498 0.37153
355710 11.5 0.35148 0.3468
355711 12.0 0.32946 0.32457
355712 12.5 0.30821 0.3017
355713 13.0 0.2875 0.28021
355714 13.5 0.26819 0.26103
355715 14.0 0.25018 0.24447
355716 14.5 0.23224 0.22635
355717 15.0 0.21522 0.2109
355718 15.5 0.19945 0.19481
355719 16.0 0.18484 0.18033
355720 16.5 0.1713 0.16811
355721 17.0 0.15766 0.15551
355722 17.5 0.14477 0.14293
355723 18.0 0.13294 0.13269
355724 18.5 0.12208 0.12037
355725 19.0 0.11216 0.11086
355726 19.5 0.10313 0.10186
355727 20.0 0.09483 0.094307
355728 20.5 0.087198 0.086051
355729 21.0 0.080207 0.079464
355730 21.5 0.073926 0.073492
355731 22.0 0.068138 0.067567
355732 22.5 0.062804 0.06247
355733 23.0 0.057888 0.057474
355734 23.5 0.053357 0.053274
355735 24.0 0.049182 0.049174
355736 24.5 0.045387 0.045363
355737 25.0 0.041919 0.042066
355738 25.5 0.038717 0.038786
355739 26.0 0.035759 0.035878
355740 26.5 0.033028 0.033187
355741 27.0 0.030517 0.03069
355742 27.5 0.028214 0.02837
355743 28.0 0.02607 0.026265
355744 28.5 0.024079 0.02427
355745 29.0 0.022235 0.022473
355746 29.5 0.020534 0.020619
355747 30.0 0.018972 0.019077
355748 30.5 0.017528 0.017694
355749 31.0 0.016206 0.016346
355750 31.5 0.014997 0.015127
355751 32.0 0.013887 0.014086
355752 32.5 0.012864 0.0127
355753 33.0 0.01192 0.012028
355754 33.5 0.011049 0.011161
355755 34.0 0.010245 0.010486
355756 34.5 0.0095026 0.0096695
355757 35.0 0.0088171 0.0090728
355758 35.5 0.0081759 0.0085193
355759 36.0 0.0075843 0.0078528
355760 36.5 0.0070383 0.0072393
355761 37.0 0.0065342 0.0067569
355762 37.5 0.0060686 0.0062445
355763 38.0 0.0056384 0.0058545
355764 38.5 0.0052406 0.0054208
355765 39.0 0.0048728 0.0049907
355766 39.5 0.0045324 0.004674
355767 40.0 0.0042174 0.0044029
355768 40.5 0.0039312 0.0040644
355769 41.0 0.0036655 0.0037948
355770 41.5 0.0034187 0.0035085
355771 42.0 0.0031894 0.0032284
355772 42.5 0.0029763 0.0031187
355773 43.0 0.0027781 0.0029098
355774 43.5 0.0025939 0.0026885
355775 44.0 0.0024226 0.0025019
355776 44.5 0.0022632 0.0023522
355777 45.0 0.0021148 0.0022398
355778 45.5 0.001983 0.0021323
355779 46.0 0.0018594 0.0019819
355780 46.5 0.0017437 0.0018504
355781 47.0 0.0016352 0.0017144
355782 47.5 0.0015336 0.001601
355783 48.0 0.0014384 0.0014651
355784 48.5 0.0013491 0.0013875
355785 49.0 0.0012654 0.0013037
355786 49.5 0.001187 0.0012339
355787 50.0 0.0011135 0.0011356
355788 50.5 0.0010487 0.0010658
355789 51.0 0.00098743 0.0010145
355790 51.5 0.00092954 0.00094985
355791 52.0 0.00087485 0.00090719
355792 52.5 0.00082321 0.00084426
355793 53.0 0.00077443 0.00079774
355794 53.5 0.00072839 0.0007301
355795 54.0 0.00068493 0.00068691
355796 54.5 0.00064391 0.00065594
355797 55.0 0.00060522 0.00062511
355798 55.5 0.00056946 0.00057567
355799 56.0 0.00053563 0.00055678
355800 56.5 0.00050363 0.00053301
355801 57.0 0.00047338 0.00050021
355802 57.5 0.0004448 0.00047172
355803 58.0 0.00041778 0.00043445
355804 58.5 0.00039227 0.0003955
355805 59.0 0.00036818 0.0003716
355806 59.5 0.00034544 0.00034666
355807 60.0 0.00032399 0.00032633
355808 60.5 0.00030372 0.00030745
355809 61.0 0.00028463 0.00028982
355810 61.5 0.00026664 0.00027698
355811 62.0 0.00024971 0.00026093
355812 62.5 0.00023377 0.00024343
355813 63.0 0.00021877 0.00022873
355814 63.5 0.00020467 0.00021759
355815 64.0 0.0001914 0.00020372
355816 64.5 0.00017893 0.00018646
355817 65.0 0.00016721 0.00017609
355818 65.5 0.0001562 0.00016275
355819 66.0 0.00014585 0.00015423
355820 66.5 0.00013614 0.0001464
355821 67.0 0.00012702 0.00013585
355822 67.5 0.00011847 0.00012917
355823 68.0 0.00011044 0.00012083
355824 68.5 0.00010291 0.0001118
355825 69.0 9.586e-05 0.00010246
355826 69.5 8.9252e-05 9.3631e-05
355827 70.0 8.3063e-05 8.6092e-05
355828 70.5 7.7163e-05 8.0618e-05
355829 71.0 7.1662e-05 7.479e-05
355830 71.5 6.6533e-05 6.797e-05
355831 72.0 6.1754e-05 6.2223e-05
355832 72.5 5.73e-05 5.8324e-05
355833 73.0 5.3152e-05 5.4274e-05
355834 73.5 4.929e-05 4.8749e-05
355835 74.0 4.5694e-05 4.46e-05
355836 74.5 4.2348e-05 4.0375e-05
355837 75.0 3.9234e-05 3.9023e-05
355838 75.5 3.6322e-05 3.6621e-05
355839 76.0 3.362e-05 3.4864e-05
355840 76.5 3.1114e-05 3.2577e-05
355841 77.0 2.879e-05 2.8833e-05
355842 77.5 2.6635e-05 2.6985e-05
355843 78.0 2.4638e-05 2.496e-05
355844 78.5 2.2786e-05 2.2973e-05
355845 79.0 2.107e-05 2.0766e-05
355846 79.5 1.948e-05 1.8825e-05
355847 80.0 1.8007e-05 1.7117e-05
355848 80.5 1.6666e-05 1.5844e-05
355849 81.0 1.5421e-05 1.4786e-05
355850 81.5 1.4266e-05 1.3477e-05
355851 82.0 1.3195e-05 1.2227e-05
355852 82.5 1.2201e-05 1.1189e-05
355853 83.0 1.1279e-05 1.0377e-05
355854 83.5 1.0424e-05 9.5567e-06
355855 84.0 9.6315e-06 8.7338e-06
355856 84.5 8.8972e-06 8.0822e-06
355857 85.0 8.2168e-06 7.3623e-06
355858 85.5 7.5691e-06 6.9104e-06
355859 86.0 6.9703e-06 6.1783e-06
355860 86.5 6.4168e-06 5.8591e-06
355861 87.0 5.9053e-06 5.6229e-06
355862 87.5 5.4329e-06 5.0092e-06
355863 88.0 4.9967e-06 4.5765e-06
355864 88.5 4.5939e-06 4.4838e-06
355865 89.0 4.2223e-06 3.9561e-06
355866 89.5 3.8794e-06 3.8477e-06
355867 90.0 3.5632e-06 3.3666e-06
355868 90.5 3.2661e-06 3.0788e-06
355869 91.0 2.9921e-06 2.8169e-06
355870 91.5 2.7394e-06 2.6284e-06
355871 92.0 2.5064e-06 2.339e-06
355872 92.5 2.2918e-06 1.9875e-06
355873 93.0 2.0942e-06 1.8257e-06
355874 93.5 1.9124e-06 1.6337e-06
355875 94.0 1.7451e-06 1.4723e-06
355876 94.5 1.5915e-06 1.2526e-06
355877 95.0 1.4504e-06 1.1693e-06
355878 95.5 1.3156e-06 1.1799e-06
355879 96.0 1.1938e-06 1.1736e-06
355880 96.5 1.0837e-06 1.0038e-06
355881 97.0 9.8411e-07 8.9279e-07
355882 97.5 8.94e-07 8.0639e-07
355883 98.0 8.1243e-07 7.3386e-07
355884 98.5 7.3857e-07 6.4155e-07
355885 99.0 6.7167e-07 5.5125e-07
355886 99.5 6.1105e-07 5.324e-07
355887 100.0 5.5611e-07 5.2395e-07
355888 100.5 5.0368e-07 4.8813e-07
355889 101.0 4.5678e-07 4.1119e-07
355890 101.5 4.1476e-07 3.5137e-07
355891 102.0 3.7705e-07 3.0695e-07
355892 102.5 3.4316e-07 2.9583e-07
355893 103.0 3.1267e-07 2.5592e-07
355894 103.5 2.852e-07 2.4346e-07
355895 104.0 2.6042e-07 2.3277e-07
355896 104.5 2.3804e-07 2.1277e-07
355897 105.0 2.1782e-07 1.9374e-07
355898 105.5 1.9878e-07 1.7757e-07
355899 106.0 1.8174e-07 1.5593e-07
355900 106.5 1.6645e-07 1.4208e-07
355901 107.0 1.5269e-07 1.2985e-07
355902 107.5 1.4029e-07 1.3402e-07
355903 108.0 1.2908e-07 1.2935e-07
355904 108.5 1.1894e-07 1.1445e-07
355905 109.0 1.0974e-07 1.1403e-07
355906 109.5 1.0139e-07 1.0878e-07
355907 110.0 9.3782e-08 1.0531e-07
355908 110.5 8.6689e-08 9.5715e-08
355909 111.0 8.027e-08 9.0123e-08
355910 111.5 7.4446e-08 7.9687e-08
355911 112.0 6.9146e-08 6.9793e-08
355912 112.5 6.4312e-08 6.76e-08
355913 113.0 5.9892e-08 6.2387e-08
355914 113.5 5.5844e-08 5.9848e-08
355915 114.0 5.2129e-08 5.3405e-08
355916 114.5 4.8712e-08 4.967e-08
355917 115.0 4.5565e-08 4.5992e-08
355918 115.5 4.2658e-08 4.1704e-08
355919 116.0 3.9975e-08 3.9097e-08
355920 116.5 3.7495e-08 3.6992e-08
355921 117.0 3.5199e-08 3.5209e-08
355922 117.5 3.307e-08 3.2517e-08
355923 118.0 3.1094e-08 2.9788e-08
355924 118.5 2.9258e-08 2.7049e-08
355925 119.0 2.755e-08 2.5219e-08
355926 119.5 2.5959e-08 2.3547e-08
355927 120.0 2.4476e-08 2.1837e-08
355928 120.5 2.3096e-08 2.0853e-08
355929 121.0 2.1815e-08 2.0793e-08
355930 121.5 2.0624e-08 1.9742e-08
355931 122.0 1.9516e-08 1.7942e-08
355932 122.5 1.8484e-08 1.7207e-08
355933 123.0 1.7523e-08 1.6601e-08
355934 123.5 1.6627e-08 1.5669e-08
355935 124.0 1.579e-08 1.5381e-08
355936 124.5 1.5009e-08 1.5011e-08
355937 125.0 1.4278e-08 1.4034e-08
355938 125.5 1.3595e-08 1.3395e-08
355939 126.0 1.2955e-08 1.2769e-08
355940 126.5 1.2355e-08 1.2268e-08
355941 127.0 1.1792e-08 1.179e-08
355942 127.5 1.1263e-08 1.0963e-08
355943 128.0 1.0766e-08 1.0602e-08
355944 128.5 1.0298e-08 1.0029e-08
355945 129.0 9.8578e-09 9.5936e-09
355946 129.5 9.4426e-09 9.4139e-09
355947 130.0 9.0509e-09 8.9083e-09
355948 130.5 8.681e-09 8.7673e-09
355949 131.0 8.3315e-09 8.258e-09
355950 131.5 8.001e-09 8.0798e-09
355951 132.0 7.6883e-09 7.687e-09
355952 132.5 7.392e-09 7.5854e-09
355953 133.0 7.1112e-09 7.1842e-09
355954 133.5 6.8449e-09 6.8147e-09
355955 134.0 6.5921e-09 6.7999e-09
355956 134.5 6.3521e-09 6.5876e-09
355957 135.0 6.1239e-09 6.1035e-09
355958 135.5 5.9069e-09 5.6413e-09
355959 136.0 5.7004e-09 5.5582e-09
355960 136.5 5.5037e-09 5.3574e-09
355961 137.0 5.3163e-09 5.1829e-09
355962 137.5 5.1377e-09 4.9178e-09
355963 138.0 4.9673e-09 4.8359e-09
355964 138.5 4.8046e-09 4.8735e-09
355965 139.0 4.6493e-09 4.7367e-09
355966 139.5 4.5009e-09 4.6774e-09
355967 140.0 4.3589e-09 4.5112e-09
355968 140.5 4.2232e-09 4.1862e-09
355969 141.0 4.0932e-09 4.2456e-09
355970 141.5 3.9688e-09 4.032e-09
355971 142.0 3.8496e-09 3.8562e-09
355972 142.5 3.7353e-09 3.7649e-09
355973 143.0 3.6258e-09 3.6191e-09
355974 143.5 3.5206e-09 3.4898e-09
355975 144.0 3.4197e-09 3.3243e-09
355976 144.5 3.3228e-09 3.2015e-09
355977 145.0 3.2297e-09 3.0944e-09
355978 145.5 3.1402e-09 3.1449e-09
355979 146.0 3.0542e-09 2.9715e-09
355980 146.5 2.9714e-09 2.9246e-09
355981 147.0 2.8918e-09 2.8695e-09
355982 147.5 2.8151e-09 2.8923e-09
355983 148.0 2.7412e-09 2.8765e-09
355984 148.5 2.67e-09 2.7911e-09
355985 149.0 2.6014e-09 2.8119e-09
355986 149.5 2.5352e-09 2.7705e-09
355987 150.0 2.4714e-09 2.7037e-09
355988 150.5 2.4098e-09 2.534e-09
355989 151.0 2.3504e-09 2.4709e-09
355990 151.5 2.293e-09 2.4195e-09
355991 152.0 2.2375e-09 2.3518e-09
355992 152.5 2.1839e-09 2.2795e-09
355993 153.0 2.1321e-09 2.1827e-09
355994 153.5 2.082e-09 2.1361e-09
355995 154.0 2.0335e-09 2.114e-09
355996 154.5 1.9866e-09 2.1373e-09
355997 155.0 1.9413e-09 2.091e-09
355998 155.5 1.8973e-09 2.0516e-09
355999 156.0 1.8547e-09 2.0312e-09
356000 156.5 1.8135e-09 1.9868e-09
356001 157.0 1.7735e-09 1.9514e-09
356002 157.5 1.7348e-09 1.9046e-09
356003 158.0 1.6972e-09 1.8639e-09
356004 158.5 1.6608e-09 1.7929e-09
356005 159.0 1.6255e-09 1.7627e-09
356006 159.5 1.5911e-09 1.7485e-09
356007 160.0 1.5578e-09 1.7403e-09
356008 160.5 1.5255e-09 1.6494e-09
356009 161.0 1.4941e-09 1.5935e-09
356010 161.5 1.4636e-09 1.5688e-09
356011 162.0 1.434e-09 1.5604e-09
356012 162.5 1.4051e-09 1.539e-09
356013 163.0 1.3771e-09 1.4805e-09
356014 163.5 1.3499e-09 1.4853e-09
356015 164.0 1.3234e-09 1.4605e-09
356016 164.5 1.2976e-09 1.4521e-09
356017 165.0 1.2725e-09 1.4316e-09
356018 165.5 1.2481e-09 1.3756e-09
356019 166.0 1.2243e-09 1.3487e-09
356020 166.5 1.2012e-09 1.289e-09
356021 167.0 1.1786e-09 1.2436e-09
356022 167.5 1.1567e-09 1.21e-09
356023 168.0 1.1353e-09 1.1854e-09
356024 168.5 1.1144e-09 1.1798e-09
356025 169.0 1.0941e-09 1.1323e-09
356026 169.5 1.0743e-09 1.1178e-09
356027 170.0 1.055e-09 1.114e-09
356028 170.5 1.0361e-09 1.0682e-09
356029 171.0 1.0177e-09 1.0458e-09
356030 171.5 9.9978e-10 1.0446e-09
356031 172.0 9.8227e-10 1.0414e-09
356032 172.5 9.6518e-10 1.0058e-09
356033 173.0 9.485e-10 1.0006e-09
356034 173.5 9.3221e-10 9.6847e-10
356035 174.0 9.163e-10 9.6602e-10
356036 174.5 9.0076e-10 9.5166e-10
356037 175.0 8.8558e-10 9.3109e-10
356038 175.5 8.7075e-10 9.1702e-10
356039 176.0 8.5626e-10 9.2581e-10
356040 176.5 8.4209e-10 8.9872e-10
356041 177.0 8.2824e-10 8.7493e-10
356042 177.5 8.1471e-10 8.8151e-10
356043 178.0 8.0147e-10 8.6262e-10
356044 178.5 7.8852e-10 8.6131e-10
356045 179.0 7.7586e-10 8.6052e-10
356046 179.5 7.6347e-10 8.5297e-10
356047 180.0 7.5134e-10 8.2132e-10
356048 180.5 7.3948e-10 7.9762e-10
356049 181.0 7.2787e-10 7.8106e-10
356050 181.5 7.1651e-10 7.625e-10
356051 182.0 7.0539e-10 7.4286e-10
356052 182.5 6.945e-10 7.2325e-10
356053 183.0 6.8383e-10 7.0587e-10
356054 183.5 6.7339e-10 7.0386e-10
356055 184.0 6.6315e-10 6.9299e-10
356056 184.5 6.5313e-10 6.5993e-10
356057 185.0 6.4331e-10 6.5457e-10
356058 185.5 6.3369e-10 6.4897e-10
356059 186.0 6.2426e-10 6.3488e-10
356060 186.5 6.1502e-10 6.086e-10
356061 187.0 6.0596e-10 6.0219e-10
356062 187.5 5.9708e-10 5.9786e-10
356063 188.0 5.8838e-10 5.7147e-10
356064 188.5 5.7984e-10 5.696e-10
356065 189.0 5.7147e-10 5.4444e-10
356066 189.5 5.6326e-10 5.2744e-10
356067 190.0 5.5521e-10 5.3466e-10
356068 190.5 5.473e-10 5.4426e-10
356069 191.0 5.3955e-10 5.2903e-10
356070 191.5 5.3195e-10 5.2982e-10
356071 192.0 5.2448e-10 5.2367e-10
356072 192.5 5.1716e-10 5.0752e-10
356073 193.0 5.0997e-10 5.0899e-10
356074 193.5 5.0292e-10 5.0065e-10
356075 194.0 4.9599e-10 4.938e-10
356076 194.5 4.8919e-10 5.0029e-10
356077 195.0 4.8251e-10 5.0655e-10
356078 195.5 4.7595e-10 4.9379e-10
356079 196.0 4.6951e-10 4.8241e-10
356080 196.5 4.6319e-10 4.8022e-10
356081 197.0 4.5697e-10 4.7559e-10
356082 197.5 4.5087e-10 4.6643e-10
356083 198.0 4.4487e-10 4.6607e-10
356084 198.5 4.3898e-10 4.6431e-10
356085 199.0 4.3319e-10 4.5626e-10
356086 199.5 4.275e-10 4.586e-10
356087 200.0 4.2191e-10 4.4539e-10
